GRT_PIPELINE_FILE_V3.0
PipelineMode: CLASSIFICATION_MODE
NumPreprocessingModules: 0
NumFeatureExtractionModules: 0
NumPostprocessingModules: 0
Trained: 1
Info: 
PreProcessingModuleDatatypes:
FeatureExtractionModuleDatatypes:
ClassificationModuleDatatype:	ANBC
PostProcessingModuleDatatypes:
GRT_ANBC_MODEL_FILE_V2.0
Trained: 1
UseScaling: 0
NumInputDimensions: 120
NumOutputDimensions: 0
NumTrainingIterationsToConverge: 0
MinNumEpochs: 0
MaxNumEpochs: 100
ValidationSetSize: 20
LearningRate: 0.1
MinChange: 1e-05
UseValidationSet: 0
RandomiseTrainingOrder: 1
UseNullRejection: 1
ClassifierMode: 0
NullRejectionCoeff: 10
NumClasses: 4
NullRejectionThresholds:  -149.763 -350.14 -341.428 -557.669
ClassLabels:  1 2 3 4
*************_MODEL_*************
Model_ID: 1
N: 120
ClassLabel: 1
Threshold: -149.763
Gamma: 10
TrainingMu: 91.9204
TrainingSigma: 24.1683
Mu:	0.986254	0.893459	-0.13694	0.321619	0.982037	0.896142	-0.292028	0.22299	0.977546	0.887932	-0.359749	-0.538125	0.977227	0.886702	0.00426057	-0.070932	0.974168	0.89046	-0.0215967	0.0273453	0.928812	0.911907	-0.369875	0.17158	0.824084	0.939377	-0.912716	0.231058	0.61974	0.91739	-2.09104	-0.0437158	0.243149	0.795626	-2.89971	-0.935547	0.0964562	0.653719	-1.12426	-1.08652	0.0409214	0.468756	-0.423468	-1.41251	0.0580242	0.277814	0.130305	-1.46202	0.134719	0.113284	0.593287	-1.26919	0.275656	0.0131978	1.08161	-0.77075	0.460897	0.0213312	1.42438	0.0639389	0.631763	0.119147	1.30822	0.748293	0.748301	0.274278	0.897906	1.19958	0.782695	0.477021	0.267063	1.56144	0.696066	0.677919	-0.596787	1.63575	0.555943	0.845686	-1.14213	1.45406	0.385309	0.947346	-1.30588	0.777602	0.222414	0.971352	-1.26856	0.188557	0.103741	0.968688	-0.927736	-0.02296	0.0402952	0.959191	-0.47785	-0.0727001	0.0265797	0.945786	-0.105025	-0.0998369	0.0256728	0.937351	-0.0065878	-0.064465	0.0270194	0.935611	0.0102441	-0.0139729	0.0257209	0.93203	-0.0096356	-0.0270498	0.0232911	0.930126	-0.0186823	-0.014915	0.0244104	0.934608	0.00859512	0.0339642
Sigma:	0.0167508	0.0707701	0.886107	1.03553	0.0151945	0.0645684	0.570577	1.43399	0.0231884	0.0611564	2.04846	2.03497	0.022566	0.05985	0.377525	0.399573	0.0233752	0.0627182	0.090079	0.092495	0.0386556	0.0565551	0.217883	0.17525	0.0876392	0.0535059	0.419735	0.232589	0.220765	0.0798618	1.5949	0.508584	0.116053	0.08357	1.47863	0.376095	0.0793174	0.0866063	0.333306	0.233736	0.0532055	0.0836567	0.275381	0.210915	0.0391544	0.0725994	0.263936	0.162252	0.0550138	0.0495091	0.258207	0.199834	0.0763104	0.0197245	0.209142	0.259264	0.0869707	0.0256585	0.148497	0.313023	0.076504	0.0531714	0.187694	0.236255	0.066543	0.0817579	0.281198	0.277547	0.0752973	0.102419	0.459472	0.199746	0.092397	0.128917	0.531945	0.216926	0.115332	0.105491	0.352563	0.675615	0.108324	0.0570622	0.260637	0.469893	0.088423	0.0400511	0.317789	0.248907	0.0704245	0.0434669	0.276107	0.166238	0.0443092	0.0396704	0.280725	0.136727	0.0353491	0.0487226	0.127863	0.149721	0.0315746	0.0474535	0.0765164	0.0879219	0.0317191	0.0514545	0.0636849	0.128324	0.0313351	0.0501199	0.0360297	0.121141	0.0319655	0.0538736	0.0369797	0.0997085	0.0321962	0.0482043	0.0257208	0.0791173
Weights:	1	1	1	1	1	1	1	1	1	1	1	1	1	1	1	1	1	1	1	1	1	1	1	1	1	1	1	1	1	1	1	1	1	1	1	1	1	1	1	1	1	1	1	1	1	1	1	1	1	1	1	1	1	1	1	1	1	1	1	1	1	1	1	1	1	1	1	1	1	1	1	1	1	1	1	1	1	1	1	1	1	1	1	1	1	1	1	1	1	1	1	1	1	1	1	1	1	1	1	1	1	1	1	1	1	1	1	1	1	1	1	1	1	1	1	1	1	1	1	1
*************_MODEL_*************
Model_ID: 2
N: 120
ClassLabel: 2
Threshold: -350.14
Gamma: 10
TrainingMu: 32.737
TrainingSigma: 38.2877
Mu:	0.957219	0.144277	0.280173	1.30779	0.962362	0.155984	0.310441	0.794026	0.971325	0.141079	0.62943	-1.10311	0.974861	0.135491	0.152103	-0.24184	0.974575	0.13973	-0.00227724	0.0296149	0.966032	0.179384	-0.0623449	0.320174	0.904875	0.382506	-0.458753	1.51074	0.824158	0.558989	-0.740597	1.7207	0.73338	0.691866	-1.00827	1.77921	0.625203	0.820848	-1.52331	2.07887	0.42567	0.913989	-1.84661	1.17277	0.351671	0.860602	-0.866683	-0.139655	0.245978	0.668926	-1.03963	-1.40493	0.171548	0.47914	-0.695509	-1.49318	0.051033	0.2323	-0.888548	-1.91953	0.0247809	0.130558	-0.164747	-0.818796	0.112661	0.0794202	0.668706	-0.397861	0.143228	0.0513931	0.36507	-0.300123	0.242429	0.0448992	0.912805	-0.176135	0.408808	0.0588408	1.50183	0.0431848	0.680089	0.0841192	2.12701	0.195506	0.797996	0.0951994	0.902146	0.0857668	0.850085	0.121174	0.405976	0.202274	0.868899	0.132959	0.143935	0.0903389	0.872775	0.13648	0.0295775	0.0268656	0.873215	0.134551	0.00318888	-0.0150675	0.873693	0.134237	0.0038374	-0.00230119	0.874622	0.13444	0.00701075	0.00117796	0.876412	0.135539	0.0137878	0.00830782	0.878232	0.136788	0.0140718	0.00977702
Sigma:	0.0398294	0.0668053	1.12213	0.754021	0.0354603	0.0703397	1.22293	1.20793	0.0186972	0.0669122	2.70781	3.95305	0.0150302	0.0561123	0.421423	0.781245	0.0151726	0.0637916	0.0113404	0.0939563	0.0174087	0.0754077	0.0811947	0.275714	0.0727977	0.212439	0.505005	1.16229	0.115626	0.188701	0.346524	0.651886	0.154731	0.203744	0.295398	0.721197	0.172301	0.191331	0.963486	0.984828	0.180597	0.148492	1.14696	2.25383	0.175057	0.239613	0.674867	1.35454	0.175035	0.346321	0.908012	1.71696	0.176614	0.350577	0.581536	1.23523	0.0646801	0.193128	1.30516	1.69502	0.0394345	0.107174	0.347122	0.646444	0.259214	0.0606707	1.82765	0.690929	0.277655	0.0623418	0.351153	0.294984	0.309799	0.0673304	1.23319	0.336936	0.384146	0.073033	1.92083	0.487919	0.331166	0.0754328	2.20434	0.515593	0.280466	0.079421	1.23793	0.232977	0.283531	0.0616465	0.527528	0.258452	0.288818	0.0582203	0.20849	0.14516	0.291212	0.0554389	0.0606293	0.0552736	0.291091	0.0563084	0.0262418	0.0327558	0.291644	0.0575282	0.0262674	0.0322273	0.291792	0.0581163	0.0169849	0.0276615	0.29231	0.0597854	0.0160851	0.0236887	0.292841	0.0608898	0.0168147	0.0200623
Weights:	1	1	1	1	1	1	1	1	1	1	1	1	1	1	1	1	1	1	1	1	1	1	1	1	1	1	1	1	1	1	1	1	1	1	1	1	1	1	1	1	1	1	1	1	1	1	1	1	1	1	1	1	1	1	1	1	1	1	1	1	1	1	1	1	1	1	1	1	1	1	1	1	1	1	1	1	1	1	1	1	1	1	1	1	1	1	1	1	1	1	1	1	1	1	1	1	1	1	1	1	1	1	1	1	1	1	1	1	1	1	1	1	1	1	1	1	1	1	1	1
*************_MODEL_*************
Model_ID: 3
N: 120
ClassLabel: 3
Threshold: -341.428
Gamma: 10
TrainingMu: 2.63713
TrainingSigma: 34.4065
Mu:	0.071691	0.0190593	1.13203	0.597592	0.0899081	0.0307542	1.22291	0.800351	0.172042	0.0378863	5.77375	0.515649	0.172456	0.0373061	0.0123002	-0.0199652	0.174224	0.0369812	0.0130561	-0.00221594	0.202606	0.0624744	0.218952	0.196019	0.295148	0.142628	0.738853	0.644358	0.424753	0.259842	1.47121	1.28447	0.533572	0.399487	1.44312	1.61806	0.693604	0.586338	1.77095	1.92603	0.847012	0.79009	1.3978	1.76921	0.898654	0.828243	0.909549	0.919155	0.895733	0.740378	0.505602	-0.0465308	0.958514	0.494741	0.474405	-1.87346	0.941803	0.328255	-0.225578	-2.0585	0.922068	0.170268	-0.257091	-2.10771	0.917329	0.12562	-0.22866	-1.89895	0.855872	0.193622	-0.643362	-1.07149	0.797557	0.224478	-0.566767	-0.823903	0.72402	0.300004	-0.708879	-0.475043	0.628268	0.362558	-1.05509	0.104804	0.428032	0.524976	-1.97492	1.44569	0.210015	0.774607	-1.82557	2.035	0.0855415	0.888783	-0.939822	0.86467	0.035144	0.930386	-0.389134	0.322692	0.0163045	0.937197	-0.145856	0.0527068	0.0117004	0.930239	-0.035716	-0.0532436	0.0103807	0.922171	-0.0102252	-0.0617754	0.0114417	0.913819	0.00809009	-0.0645399	0.0125959	0.90691	0.00904325	-0.0541829
Sigma:	0.0495179	0.0219917	0.882295	0.996966	0.0481817	0.0167299	1.02058	1.03841	0.0813436	0.0473614	4.25318	3.76912	0.0797485	0.0472906	0.0748256	0.142169	0.0780198	0.0449702	0.0254815	0.0309973	0.0974491	0.0522929	0.235505	0.230592	0.189338	0.123535	0.798142	0.632962	0.210956	0.147259	1.07828	0.881472	0.259659	0.27147	0.913893	1.26788	0.330734	0.32873	1.59375	1.79396	0.309237	0.300742	1.8266	2.19262	0.294711	0.279594	1.87999	2.39788	0.294454	0.311272	1.78456	2.56706	0.0396403	0.30917	2.33734	1.81969	0.0346646	0.261342	0.208423	1.49752	0.0291597	0.096255	0.253972	1.76596	0.0275518	0.0756772	0.242779	1.79583	0.163495	0.215124	1.22592	3.04961	0.240179	0.267463	0.611201	2.31105	0.287705	0.268571	0.7171	2.54055	0.289428	0.255764	0.711199	2.14396	0.294225	0.292093	1.92799	1.70637	0.239862	0.230884	1.69359	2.07139	0.10011	0.0931222	1.1903	1.3495	0.0398048	0.0798693	0.496339	0.503796	0.0166043	0.0856263	0.246358	0.205009	0.0131593	0.0806337	0.0931362	0.0818816	0.0132697	0.0776376	0.0282168	0.0609411	0.0163094	0.0762758	0.0425953	0.0722702	0.0173491	0.0694902	0.0297042	0.0797779
Weights:	1	1	1	1	1	1	1	1	1	1	1	1	1	1	1	1	1	1	1	1	1	1	1	1	1	1	1	1	1	1	1	1	1	1	1	1	1	1	1	1	1	1	1	1	1	1	1	1	1	1	1	1	1	1	1	1	1	1	1	1	1	1	1	1	1	1	1	1	1	1	1	1	1	1	1	1	1	1	1	1	1	1	1	1	1	1	1	1	1	1	1	1	1	1	1	1	1	1	1	1	1	1	1	1	1	1	1	1	1	1	1	1	1	1	1	1	1	1	1	1
*************_MODEL_*************
Model_ID: 4
N: 120
ClassLabel: 4
Threshold: -557.669
Gamma: 10
TrainingMu: -27.4726
TrainingSigma: 53.0196
Mu:	0.905314	0.66694	1.7599	1.32351	0.927104	0.663346	1.4369	-0.199653	0.986764	0.703831	4.04713	2.71767	0.987861	0.70647	0.0421103	0.0923623	0.983141	0.70669	-0.034945	0.0012747	0.937437	0.716427	-0.336731	0.0734886	0.829843	0.693125	-0.906915	-0.175489	0.643419	0.534821	-1.6277	-1.21302	0.546753	0.31721	-0.751365	-1.68789	0.57226	0.182308	0.192446	-1.0289	0.649848	0.115704	0.598348	-0.503057	0.729528	0.13791	0.661632	0.18827	0.757021	0.175784	0.565512	0.435733	0.818485	0.397847	0.621438	1.83846	0.830083	0.648693	0.0916269	1.91766	0.778558	0.807716	-0.405621	1.23583	0.671657	0.851189	-0.875594	0.355261	0.553866	0.835234	-1.14118	-0.121746	0.362037	0.695578	-1.51437	-1.08383	0.356271	0.581832	-0.0407109	-0.874412	0.424821	0.557375	0.521984	-0.189059	0.511148	0.581726	0.659524	0.184321	0.567864	0.606566	0.463209	0.225996	0.541234	0.612858	-0.175254	0.0795989	0.412875	0.582227	-0.952216	-0.218821	0.2851	0.551481	-1.21694	-0.321677	0.134905	0.509275	-1.26294	-0.316677	0.0889201	0.481374	-0.349866	-0.212985	0.0819262	0.476209	-0.0537001	-0.0391814	0.0886532	0.475823	-0.0416357	0.0159224
Sigma:	0.0534783	0.0606629	2.51197	4.00579	0.0522374	0.0784855	1.99646	2.30994	0.0286601	0.0661815	4.84342	3.23948	0.0264782	0.0623618	0.171983	0.4714	0.0290276	0.0646217	0.04434	0.101746	0.0449285	0.0667029	0.272187	0.150986	0.0971922	0.118692	0.498655	0.67539	0.147865	0.228685	0.784202	1.13223	0.171547	0.191055	0.785871	1.02321	0.192949	0.177968	0.503483	1.17417	0.1715	0.227248	0.4403	1.07494	0.122447	0.294698	0.568918	0.819165	0.107823	0.269533	0.792907	0.906805	0.159563	0.231252	0.837165	2.11508	0.177246	0.223768	0.772468	1.43904	0.189521	0.244683	0.528961	0.996622	0.203723	0.263098	0.528367	0.776498	0.227814	0.281372	0.779522	0.797738	0.192231	0.282235	1.73146	0.885075	0.163857	0.212437	1.01263	0.779562	0.224243	0.13841	0.937478	1.11927	0.235103	0.15549	0.73618	0.656555	0.235259	0.16221	0.761808	0.49557	0.25286	0.163112	0.861496	0.249164	0.238244	0.167023	1.5823	0.314987	0.247694	0.154268	1.52803	0.38891	0.209225	0.124804	1.47601	0.615505	0.20637	0.101695	0.906524	0.441644	0.17602	0.105853	0.538188	0.111628	0.183957	0.105427	0.406893	0.0820537
Weights:	1	1	1	1	1	1	1	1	1	1	1	1	1	1	1	1	1	1	1	1	1	1	1	1	1	1	1	1	1	1	1	1	1	1	1	1	1	1	1	1	1	1	1	1	1	1	1	1	1	1	1	1	1	1	1	1	1	1	1	1	1	1	1	1	1	1	1	1	1	1	1	1	1	1	1	1	1	1	1	1	1	1	1	1	1	1	1	1	1	1	1	1	1	1	1	1	1	1	1	1	1	1	1	1	1	1	1	1	1	1	1	1	1	1	1	1	1	1	1	1
