GRT_PIPELINE_FILE_V3.0
PipelineMode: CLASSIFICATION_MODE
NumPreprocessingModules: 0
NumFeatureExtractionModules: 0
NumPostprocessingModules: 0
Trained: 1
Info: 
PreProcessingModuleDatatypes:
FeatureExtractionModuleDatatypes:
ClassificationModuleDatatype:	ANBC
PostProcessingModuleDatatypes:
GRT_ANBC_MODEL_FILE_V2.0
Trained: 1
UseScaling: 0
NumInputDimensions: 120
NumOutputDimensions: 0
NumTrainingIterationsToConverge: 0
MinNumEpochs: 0
MaxNumEpochs: 100
ValidationSetSize: 20
LearningRate: 0.1
MinChange: 1e-05
UseValidationSet: 0
RandomiseTrainingOrder: 1
UseNullRejection: 1
ClassifierMode: 0
NullRejectionCoeff: 10
NumClasses: 6
NullRejectionThresholds:  -168.706 -322.216 -390.319 -556.016 -221.92 -178.432
ClassLabels:  1 2 3 4 5 6
*************_MODEL_*************
Model_ID: 1
N: 120
ClassLabel: 1
Threshold: -168.706
Gamma: 10
TrainingMu: 79.3767
TrainingSigma: 24.8083
Mu:	0.982018	0.892132	-0.084711	0.516704	0.979991	0.893616	-0.154206	0.14594	0.983484	0.897262	0.179224	0.328245	0.980589	0.898961	-0.0955928	0.0468989	0.979533	0.899798	-0.00713766	0.00659514	0.937978	0.917515	-0.339209	0.143245	0.830696	0.944128	-0.908134	0.221668	0.612314	0.912854	-2.04784	-0.140954	0.276666	0.796343	-2.58604	-0.89582	0.128778	0.652852	-1.1295	-1.09561	0.0762376	0.465804	-0.399983	-1.42853	0.0914926	0.277698	0.116381	-1.44084	0.160951	0.118509	0.537693	-1.23103	0.291956	0.0178286	1.0047	-0.773494	0.46521	0.0182839	1.32957	0.00621709	0.629697	0.102701	1.26197	0.646181	0.750667	0.244304	0.931211	1.09503	0.7936	0.436064	0.33081	1.47462	0.732069	0.638766	-0.412865	1.6558	0.595375	0.814783	-1.10676	1.4941	0.428496	0.924378	-1.27981	0.840836	0.26204	0.957176	-1.28922	0.253432	0.129682	0.963626	-1.02925	0.0483495	0.0552068	0.952336	-0.563287	-0.0861608	0.0306254	0.942242	-0.187126	-0.0755931	0.0229386	0.931054	-0.0600419	-0.0848478	0.0231034	0.934902	0.00120082	0.0295493	0.022379	0.929557	-0.00528482	-0.0406291	0.0219863	0.926548	-0.00317375	-0.0232749	0.0239251	0.927331	0.0148659	0.00536517
Sigma:	0.0173451	0.0653079	0.91682	1.19053	0.0138089	0.0589665	0.655935	1.37315	0.0226762	0.0660016	1.92667	2.51061	0.0216655	0.0678165	0.364418	0.422239	0.0232599	0.0669264	0.0859272	0.090675	0.0383327	0.056799	0.210757	0.155427	0.0798625	0.0512628	0.389145	0.229468	0.199598	0.0710556	1.46231	0.496552	0.133417	0.0779834	1.46551	0.334504	0.104886	0.0793038	0.323905	0.213222	0.0917627	0.0748794	0.243906	0.184858	0.0794772	0.0654113	0.25461	0.159325	0.0738957	0.0483425	0.275718	0.191956	0.078804	0.0235774	0.270953	0.227093	0.0885656	0.024841	0.266729	0.330461	0.0811396	0.0636923	0.193371	0.331474	0.0666511	0.105808	0.287425	0.366431	0.079024	0.137417	0.458061	0.274682	0.117134	0.151444	0.643773	0.271233	0.148629	0.124935	0.348413	0.633666	0.155544	0.0779707	0.278408	0.461227	0.135048	0.0491368	0.344197	0.297693	0.0995739	0.0401078	0.368904	0.278594	0.0702894	0.0388764	0.333091	0.164513	0.0399247	0.0502623	0.292289	0.188746	0.0299932	0.0467275	0.219861	0.137433	0.0307329	0.0543046	0.0644062	0.157404	0.0300104	0.0520876	0.0379348	0.12517	0.0300367	0.0549813	0.0586444	0.106537	0.0301492	0.0480446	0.0285965	0.101568
Weights:	1	1	1	1	1	1	1	1	1	1	1	1	1	1	1	1	1	1	1	1	1	1	1	1	1	1	1	1	1	1	1	1	1	1	1	1	1	1	1	1	1	1	1	1	1	1	1	1	1	1	1	1	1	1	1	1	1	1	1	1	1	1	1	1	1	1	1	1	1	1	1	1	1	1	1	1	1	1	1	1	1	1	1	1	1	1	1	1	1	1	1	1	1	1	1	1	1	1	1	1	1	1	1	1	1	1	1	1	1	1	1	1	1	1	1	1	1	1	1	1
*************_MODEL_*************
Model_ID: 2
N: 120
ClassLabel: 2
Threshold: -322.216
Gamma: 10
TrainingMu: 26.0328
TrainingSigma: 34.8249
Mu:	0.948241	0.145807	0.198525	1.2602	0.95371	0.159793	0.323135	0.908747	0.967909	0.150302	0.946878	-0.734651	0.971137	0.144658	0.139857	-0.24212	0.971008	0.148694	-0.00126311	0.0286218	0.962807	0.189826	-0.0586883	0.323865	0.900957	0.394416	-0.457622	1.51278	0.808621	0.574284	-0.810204	1.74467	0.705933	0.698165	-1.06503	1.67822	0.5827	0.827078	-1.5305	1.75241	0.380953	0.941903	-1.88936	1.12342	0.301196	0.846475	-0.998078	-0.519057	0.193988	0.634823	-0.966548	-1.6175	0.127635	0.417038	-0.581623	-1.68455	0.0681025	0.201101	-0.425732	-1.67546	0.0699669	0.101735	0.0916461	-0.829224	0.208661	0.0681229	1.06603	-0.255743	0.263468	0.0458584	0.596551	-0.295053	0.413305	0.0541089	1.30153	-0.046062	0.555107	0.0613313	1.23341	-0.0401631	0.789655	0.101698	1.78379	0.304625	0.854375	0.130072	0.496811	0.216816	0.88144	0.147361	0.208367	0.133244	0.889848	0.153931	0.0647258	0.0506249	0.890523	0.15588	0.0051603	0.0150715	0.889738	0.154823	-0.00609879	-0.00819037	0.889601	0.155513	-0.000933056	0.00517025	0.889569	0.155108	-0.000361698	-0.00358918	0.889414	0.155119	-0.00111228	1.76382e-05	0.888851	0.153989	-0.00447994	-0.00883534
Sigma:	0.0419847	0.0533182	1.12675	0.935345	0.0363086	0.0488029	1.17337	1.21426	0.0374766	0.0645903	2.83301	4.25894	0.0357749	0.0550984	0.404106	0.741171	0.035647	0.0623384	0.00914113	0.0890449	0.0356176	0.0762972	0.0643853	0.296946	0.0756937	0.207604	0.467682	1.12114	0.125675	0.197501	0.398816	0.716013	0.167531	0.20613	0.297778	0.766774	0.162956	0.208828	0.789173	1.14081	0.175622	0.13125	1.16772	2.11946	0.205157	0.271881	0.815637	1.91232	0.18427	0.349005	0.960251	1.67388	0.157881	0.325464	0.863653	1.39261	0.0991255	0.188218	1.38555	1.52505	0.150225	0.104923	0.591062	0.637217	0.315412	0.0601987	1.95426	0.70462	0.344992	0.0633124	0.499055	0.332699	0.366924	0.0699449	1.46279	0.437672	0.37187	0.0725642	1.45904	0.390293	0.272351	0.0698451	2.08425	0.478019	0.273411	0.0704463	0.535524	0.205026	0.278155	0.0691997	0.285493	0.173938	0.280671	0.0734828	0.109272	0.105762	0.281813	0.0732251	0.0386581	0.0377809	0.281338	0.074818	0.0234089	0.0344823	0.281654	0.076071	0.027233	0.0264578	0.281489	0.0746641	0.0198632	0.0320941	0.28127	0.0747932	0.024431	0.0248208	0.280983	0.0731848	0.0365537	0.0368301
Weights:	1	1	1	1	1	1	1	1	1	1	1	1	1	1	1	1	1	1	1	1	1	1	1	1	1	1	1	1	1	1	1	1	1	1	1	1	1	1	1	1	1	1	1	1	1	1	1	1	1	1	1	1	1	1	1	1	1	1	1	1	1	1	1	1	1	1	1	1	1	1	1	1	1	1	1	1	1	1	1	1	1	1	1	1	1	1	1	1	1	1	1	1	1	1	1	1	1	1	1	1	1	1	1	1	1	1	1	1	1	1	1	1	1	1	1	1	1	1	1	1
*************_MODEL_*************
Model_ID: 3
N: 120
ClassLabel: 3
Threshold: -390.319
Gamma: 10
TrainingMu: -5.36968
TrainingSigma: 38.495
Mu:	0.13248	0.0147603	1.27421	0.731701	0.153307	0.029819	1.41469	1.09089	0.17073	0.0452533	1.67814	1.08379	0.170808	0.0444808	-0.000869456	-0.0303563	0.172728	0.0449582	0.0139952	0.00340221	0.199201	0.0711288	0.20558	0.204288	0.289871	0.157709	0.717391	0.685858	0.385749	0.245662	1.2002	1.10962	0.44505	0.299751	1.357	1.2447	0.621134	0.517625	1.96462	2.22729	0.769505	0.717813	1.42197	1.79618	0.821873	0.760989	0.980122	1.01235	0.901217	0.80905	1.1267	0.917834	0.966503	0.573623	1.09948	-1.17968	0.949766	0.419268	0.409319	-1.31366	0.929577	0.179056	-0.247223	-2.55042	0.925296	0.120297	-0.210842	-1.82534	0.876675	0.178364	-0.534139	-0.969873	0.835564	0.197378	-0.43517	-0.914316	0.79442	0.251378	-0.45844	-0.642915	0.710968	0.302299	-0.923031	0.0434835	0.554153	0.420155	-1.73401	1.24868	0.285868	0.722275	-2.26635	2.52507	0.112406	0.886284	-1.31815	1.24965	0.0441362	0.946172	-0.523685	0.460513	0.0184604	0.957485	-0.200403	0.0884736	0.0122828	0.949787	-0.0476884	-0.0588675	0.0109144	0.944429	-0.0105473	-0.0406719	0.0121094	0.938436	0.0091765	-0.0464132	0.0135695	0.9299	0.0112803	-0.0667519
Sigma:	0.221636	0.0178913	1.05485	0.967775	0.213802	0.014518	1.12639	0.942607	0.0937573	0.0448695	17.5197	3.5719	0.0927324	0.0445927	0.0778809	0.144725	0.091962	0.0424646	0.0275402	0.0365425	0.117594	0.0609133	0.268836	0.294641	0.211709	0.153986	0.802521	0.758395	0.228861	0.161416	0.843684	0.766453	0.238433	0.180909	0.939624	0.832068	0.366085	0.344356	1.56888	1.77575	0.377991	0.361837	1.81487	2.17388	0.378459	0.355387	1.85297	2.34851	0.295516	0.296354	2.54606	3.00106	0.0309349	0.314859	2.97073	3.29311	0.0313598	0.30647	2.18984	3.14658	0.0349982	0.0969171	0.262354	2.00166	0.0287173	0.0805643	0.25463	1.80842	0.158473	0.224875	1.22368	3.02418	0.23226	0.276092	0.60347	2.24884	0.24954	0.266161	0.430388	2.40935	0.245316	0.242129	0.737888	2.13237	0.27856	0.256873	1.82718	1.37999	0.297989	0.286236	1.86549	2.00202	0.122103	0.0952591	1.45473	1.58542	0.0491545	0.0498913	0.57863	0.562804	0.0182836	0.0502556	0.290959	0.229271	0.0123075	0.0456188	0.108964	0.0864831	0.0128174	0.0476882	0.0322985	0.0815119	0.0161786	0.0494518	0.0409637	0.0675677	0.0169815	0.0464231	0.0200076	0.0657664
Weights:	1	1	1	1	1	1	1	1	1	1	1	1	1	1	1	1	1	1	1	1	1	1	1	1	1	1	1	1	1	1	1	1	1	1	1	1	1	1	1	1	1	1	1	1	1	1	1	1	1	1	1	1	1	1	1	1	1	1	1	1	1	1	1	1	1	1	1	1	1	1	1	1	1	1	1	1	1	1	1	1	1	1	1	1	1	1	1	1	1	1	1	1	1	1	1	1	1	1	1	1	1	1	1	1	1	1	1	1	1	1	1	1	1	1	1	1	1	1	1	1
*************_MODEL_*************
Model_ID: 4
N: 120
ClassLabel: 4
Threshold: -556.016
Gamma: 10
TrainingMu: -22.2745
TrainingSigma: 53.3741
Mu:	0.911098	0.66433	2.64717	1.30122	0.938511	0.662999	1.80116	-0.147502	0.983753	0.703294	3.14226	2.80585	0.984406	0.706186	0.0258036	0.0977933	0.975505	0.707393	-0.0651257	0.0076082	0.929625	0.717919	-0.371737	0.101745	0.816138	0.713654	-0.94944	-0.0355363	0.612004	0.5233	-1.70103	-1.49045	0.53248	0.319436	-0.615042	-1.5699	0.557971	0.165768	0.195102	-1.17138	0.629546	0.08591	0.550398	-0.613701	0.698851	0.0787346	0.663783	-0.00195179	0.747527	0.159759	0.738319	0.73786	0.825974	0.447005	0.6733	2.26775	0.806083	0.681775	-0.152793	1.79519	0.740241	0.841765	-0.513501	1.25709	0.610283	0.880987	-0.995102	0.300596	0.53179	0.836632	-0.852143	-0.348723	0.392309	0.719091	-1.13106	-0.925873	0.38836	0.611059	-0.0252225	-0.829716	0.471816	0.603502	0.635191	-0.0601976	0.561712	0.634427	0.688196	0.235222	0.648018	0.66566	0.699736	0.284508	0.662496	0.667411	0.146161	0.0532969	0.514131	0.640019	-1.0922	-0.187632	0.361438	0.602942	-1.4736	-0.391974	0.166753	0.540185	-1.63647	-0.476388	0.103856	0.503315	-0.477929	-0.280584	0.0902595	0.493286	-0.103401	-0.0765949	0.0961074	0.489256	-0.0738022	-0.00677377
Sigma:	0.0482669	0.0766751	2.30498	3.78113	0.0513421	0.0839398	2.21068	1.80559	0.0319412	0.0606309	5.06043	2.69385	0.0292047	0.0548121	0.208288	0.535419	0.0322312	0.062378	0.0879231	0.127401	0.0434096	0.066681	0.271796	0.14024	0.105964	0.0740908	0.560702	0.371662	0.150374	0.180026	0.843061	1.27202	0.180472	0.198669	0.650327	0.697385	0.200346	0.197539	0.542007	0.766093	0.174495	0.185685	0.468204	0.629608	0.124617	0.179956	0.58392	0.455966	0.132927	0.211683	0.629098	1.24937	0.17531	0.223494	1.01466	1.48166	0.196734	0.238317	0.683689	1.05079	0.207565	0.239541	0.554843	1.17018	0.221474	0.265717	0.621541	0.828905	0.230324	0.286766	0.396343	0.887281	0.186291	0.274223	1.29623	0.817072	0.155207	0.20538	1.05713	0.831845	0.21854	0.112729	1.08389	1.20235	0.217448	0.117171	0.788668	0.72128	0.183078	0.118502	0.639342	0.492116	0.151636	0.1216	0.642626	0.374596	0.211665	0.129148	1.76214	0.293082	0.25874	0.120107	1.62204	0.333413	0.234989	0.103025	1.53163	0.599208	0.230997	0.0837567	1.04184	0.491891	0.195728	0.0992268	0.623388	0.172822	0.205288	0.103801	0.464077	0.114472
Weights:	1	1	1	1	1	1	1	1	1	1	1	1	1	1	1	1	1	1	1	1	1	1	1	1	1	1	1	1	1	1	1	1	1	1	1	1	1	1	1	1	1	1	1	1	1	1	1	1	1	1	1	1	1	1	1	1	1	1	1	1	1	1	1	1	1	1	1	1	1	1	1	1	1	1	1	1	1	1	1	1	1	1	1	1	1	1	1	1	1	1	1	1	1	1	1	1	1	1	1	1	1	1	1	1	1	1	1	1	1	1	1	1	1	1	1	1	1	1	1	1
*************_MODEL_*************
Model_ID: 5
N: 120
ClassLabel: 5
Threshold: -221.92
Gamma: 10
TrainingMu: 68.9123
TrainingSigma: 29.0832
Mu:	0.990707	0.876381	0	0	0.990807	0.865555	0.00118617	0.303117	0.991917	0.76305	0.0093662	2.4768	0.953007	0.51482	0.0227824	6.03346	0.88554	0.283899	0.0197079	5.16477	0.791876	0.195488	0.0077103	2.02438	0.712547	0.283798	-0.00785138	-2.07772	0.658062	0.481024	-0.017946	-4.69578	0.63045	0.685008	-0.0190319	-4.94414	0.625109	0.795641	-0.0104493	-2.89261	0.616651	0.791282	-0.000516611	-0.220029	0.605037	0.679558	0.0101258	2.62072	0.578771	0.511183	0.0133047	3.60264	0.542762	0.368645	0.0128607	3.3667	0.503114	0.259692	0.0107415	3.0529	0.453059	0.261624	-0.000889155	-0.245466	0.400075	0.372484	-0.0105802	-2.81636	0.357815	0.537298	-0.0149547	-4.03394	0.33087	0.687898	-0.0140998	-3.88189	0.31537	0.719403	-0.00305113	-0.895771	0.293553	0.692797	0.00231723	0.631957	0.269648	0.628814	0.00543344	1.58937	0.234956	0.51163	0.0103265	2.82614	0.205639	0.393055	0.0101287	2.75226	0.164512	0.306481	0.00630548	1.65809	0.10987	0.324921	-0.000835768	-0.237211	0.0615926	0.416407	-0.00905773	-2.43974	0.0277904	0.590158	-0.0161533	-4.29092	0.0178833	0.742518	-0.0146518	-3.96978	0.0174883	0.846363	-0.00805618	-2.14232
Sigma:	0.0114559	0.101725	0.1	0.1	0.00938939	0.104862	0.00203638	0.528438	0.0138904	0.112552	0.00686597	1.81566	0.0390092	0.155705	0.0106636	3.03025	0.0545243	0.137153	0.00635058	1.58684	0.0678623	0.0989538	0.0124194	3.30806	0.058193	0.148832	0.00760949	2.03329	0.0500873	0.204196	0.00844635	2.19492	0.0504838	0.176636	0.00824128	1.90792	0.0484282	0.100955	0.0117973	3.16396	0.0440867	0.157557	0.0132894	3.36067	0.0518038	0.2543	0.0125328	3.24568	0.0654313	0.268763	0.00683041	2.01072	0.0815688	0.23584	0.0175151	4.30149	0.083292	0.229542	0.0212053	6.0049	0.0712369	0.268677	0.0179214	4.84825	0.0551767	0.250145	0.0132326	3.34544	0.0551307	0.202031	0.014257	3.57341	0.0583463	0.213693	0.0187647	4.89699	0.0712165	0.263742	0.0142046	3.74632	0.08427	0.333053	0.0155895	4.21088	0.0945661	0.34783	0.0152971	3.90719	0.103105	0.352177	0.0199219	5.04292	0.105672	0.299966	0.0210582	5.67394	0.100689	0.289353	0.0235815	6.59247	0.0797172	0.35359	0.0208694	5.65684	0.0566394	0.360778	0.0133813	3.57565	0.0412553	0.321101	0.0144934	3.79614	0.0263275	0.257268	0.0153754	4.18274	0.0196638	0.194417	0.00890037	2.44046
Weights:	1	1	1	1	1	1	1	1	1	1	1	1	1	1	1	1	1	1	1	1	1	1	1	1	1	1	1	1	1	1	1	1	1	1	1	1	1	1	1	1	1	1	1	1	1	1	1	1	1	1	1	1	1	1	1	1	1	1	1	1	1	1	1	1	1	1	1	1	1	1	1	1	1	1	1	1	1	1	1	1	1	1	1	1	1	1	1	1	1	1	1	1	1	1	1	1	1	1	1	1	1	1	1	1	1	1	1	1	1	1	1	1	1	1	1	1	1	1	1	1
*************_MODEL_*************
Model_ID: 6
N: 120
ClassLabel: 6
Threshold: -178.432
Gamma: 10
TrainingMu: 115.043
TrainingSigma: 29.3475
Mu:	0.494399	0.0260546	0	0	0.486423	0.0178008	0.000781884	0.371678	0.491841	0.0187689	-0.000191396	-0.0458588	0.522841	0.0245687	-0.000626702	-0.443405	0.545482	0.0669238	-0.00331358	-1.6272	0.535902	0.110241	-0.00410765	-2.03998	0.490561	0.165187	-0.00491133	-2.3277	0.437913	0.216243	-0.00395014	-1.74769	0.411049	0.263078	-0.00461168	-2.00591	0.393387	0.323558	-0.00502014	-2.3923	0.379566	0.349008	-0.00230124	-1.0042	0.423605	0.375466	-0.00257569	-1.06407	0.492866	0.411344	-0.0034344	-1.50046	0.524566	0.451062	-0.00380193	-1.86784	0.538381	0.494229	-0.00395364	-2.00662	0.524696	0.543566	-0.00454149	-2.34952	0.532837	0.593451	-0.00538344	-2.6635	0.472137	0.619399	-0.0019855	-0.888598	0.448058	0.657289	-0.00329435	-1.5196	0.445889	0.698363	-0.00384904	-1.70659	0.43037	0.736577	-0.00341403	-1.51325	0.42343	0.762734	-0.00226681	-0.923278	0.420027	0.782635	-0.00182584	-0.708152	0.447751	0.811925	-0.00249097	-1.09598	0.487604	0.845383	-0.00280252	-1.17536	0.516979	0.883276	-0.00339998	-1.64878	0.490173	0.91906	-0.00304102	-1.55501	0.469895	0.94613	-0.00252912	-1.21182	0.493923	0.971954	-0.00219523	-1.03728	0.553523	0.998551	-0.00233928	-0.977241
Sigma:	0.443404	0.0279173	0.1	0.1	0.407854	0.0229387	0.00192056	0.836455	0.275205	0.0195966	0.00248153	0.981848	0.220575	0.0258908	0.00252081	1.23177	0.330729	0.0533448	0.00268654	1.31762	0.409908	0.0791703	0.00631005	3.27409	0.378356	0.0985224	0.00334751	1.85702	0.291207	0.0905425	0.00232168	0.966147	0.22144	0.0949021	0.00382194	1.60509	0.282298	0.0982219	0.00642066	3.1775	0.303535	0.0903548	0.00371255	1.79836	0.321829	0.0952796	0.00297805	1.21801	0.34358	0.104746	0.00303679	1.44877	0.346272	0.098697	0.00266981	1.50385	0.319429	0.103892	0.00280572	1.61601	0.275255	0.11453	0.00356863	2.01167	0.319254	0.123034	0.00523617	2.62502	0.304589	0.111636	0.00469946	2.20633	0.309992	0.103145	0.00180601	0.917116	0.310753	0.0912396	0.00263007	1.04624	0.279518	0.0834597	0.00225975	1.09784	0.289297	0.0751479	0.00220577	0.843179	0.34164	0.0775128	0.00279607	1.24837	0.379651	0.0899233	0.00221457	1.04183	0.379426	0.0922064	0.00259298	0.890137	0.333722	0.0819883	0.0030888	1.48038	0.285516	0.0648077	0.00338249	1.67067	0.274508	0.0422592	0.00367352	1.74012	0.333333	0.0269663	0.00252786	1.12186	0.396099	0.00502035	0.00296481	1.05676
Weights:	1	1	1	1	1	1	1	1	1	1	1	1	1	1	1	1	1	1	1	1	1	1	1	1	1	1	1	1	1	1	1	1	1	1	1	1	1	1	1	1	1	1	1	1	1	1	1	1	1	1	1	1	1	1	1	1	1	1	1	1	1	1	1	1	1	1	1	1	1	1	1	1	1	1	1	1	1	1	1	1	1	1	1	1	1	1	1	1	1	1	1	1	1	1	1	1	1	1	1	1	1	1	1	1	1	1	1	1	1	1	1	1	1	1	1	1	1	1	1	1
