GRT_PIPELINE_FILE_V3.0
PipelineMode: CLASSIFICATION_MODE
NumPreprocessingModules: 0
NumFeatureExtractionModules: 0
NumPostprocessingModules: 0
Trained: 1
Info: 
PreProcessingModuleDatatypes:
FeatureExtractionModuleDatatypes:
ClassificationModuleDatatype:	KNN
PostProcessingModuleDatatypes:
GRT_KNN_MODEL_FILE_V2.0
Trained: 1
UseScaling: 0
NumInputDimensions: 120
NumOutputDimensions: 0
NumTrainingIterationsToConverge: 0
MinNumEpochs: 0
MaxNumEpochs: 100
ValidationSetSize: 20
LearningRate: 0.1
MinChange: 1e-05
UseValidationSet: 0
RandomiseTrainingOrder: 1
UseNullRejection: 1
ClassifierMode: 0
NullRejectionCoeff: 10
NumClasses: 6
NullRejectionThresholds:  114.722 54.5363 49.0417 24.128 33.132 39.2766
ClassLabels:  1 2 3 4 5 6
K: 6
DistanceMethod: 0
SearchForBestKValue: 0
MinKSearchValue: 1
MaxKSearchValue: 10
TrainingMu: 8.10244	9.97013	10.1694	8.25214	14.3246	7.56392	
TrainingSigma: 10.6619	4.45661	3.88723	1.58759	1.88075	3.17127	
NumTrainingSamples: 77
TrainingData: 
6	0.091954	0.0434783	0	0	0.091954	0	0.00483092	1.66667	0.557471	0.0608696	-0.00676328	-2.33333	0.712644	0.0347826	0.0026087	0.9	0.758621	0.0956522	-0.00608696	-2.1	0.729885	0.165217	-0.00772947	-2.66667	0.62069	0.234783	-0.00695652	-2.4	0.557471	0.321739	-0.00724638	-2.5	0.442529	0.42029	-0.0109501	-3.77778	0.149425	0.428986	-0.000869565	-0.3	0.132184	0.466667	-0.00376812	-1.3	0.235632	0.530435	-0.00797101	-2.75	0.54023	0.591304	-0.00676328	-2.33333	0.551724	0.585507	0.000644122	0.222222	0.770115	0.623188	-0.00342556	-1.18182	0.856322	0.637681	-0.00144928	-0.5	0.942529	0.66087	-0.00144928	-0.5	0.867816	0.692754	-0.0021256	-0.733333	0.735632	0.721739	-0.00193237	-0.666667	0.683908	0.73913	-0.00217391	-0.75	0.385057	0.782609	-0.00395257	-1.36364	0.109195	0.797101	-0.00144928	-0.5	0	0.82029	-0.00231884	-0.8	0.0632184	0.866667	-0.00386473	-1.33333	0.293103	0.93913	-0.00517598	-1.78571	0.637931	0.97971	-0.00289855	-1	0.844828	0.950725	0.00222965	0.769231	1	0.971014	-0.00144928	-0.5	0.988506	1	-0.00193237	-0.666667	0.862069	0.982609	0.00217391	0.75	
4	1	0.798295	2.69577	1.36703	0.984314	0.792614	-1.1352	-0.411189	0.913725	0.826705	-5.15431	2.4893	0.913725	0.821023	0	-0.202894	0.909804	0.821023	-0.0279177	0	0.870588	0.846591	-0.29018	0.189194	0.67451	0.855114	-1.45545	0.0632625	0.384314	0.761364	-2.27229	-0.734079	0.180392	0.576705	-1.5495	-1.40313	0.101961	0.329545	-0.604611	-1.9053	0.203922	0.110795	0.778797	-1.67086	0.380392	0.00568182	1.37706	-0.820239	0.552941	0	1.30801	-0.0430712	0.588235	0.0909091	0.26756	0.68917	0.682353	0.264205	0.734394	1.35221	0.811765	0.568182	0.980414	2.30291	0.788235	0.789773	-0.183936	1.73223	0.729412	0.940341	-0.456755	1.16914	0.623529	1	-0.821921	0.463109	0.403922	0.954545	-1.6311	-0.337605	0.109804	0.903409	-2.29828	-0.399587	0	0.855114	-0.827735	-0.364066	0.129412	0.727273	0.975603	-0.963761	0.32549	0.698864	1.5456	-0.223937	0.556863	0.724432	1.76071	0.19457	0.709804	0.721591	1.17103	-0.0217521	0.713725	0.724432	0.0303713	0.0220019	0.784314	0.6875	0.549282	-0.287385	0.615686	0.721591	-1.27427	0.257616	0.615686	0.721591	-1.32001	0.266863	
1	0.969762	0.99187	-0.309046	0.775547	0.967603	0.98645	-0.132954	-0.333647	0.982721	0.97832	0.953074	-0.512513	1	0.97019	0.741733	-0.349007	0.982721	1	-0.122512	0.211367	0.946004	0.99729	-0.308791	-0.0227913	0.779698	0.98374	-1.24066	-0.101085	0.779698	0.98374	-1.19638	-0.0974775	0.218143	0.831978	-4.33636	-1.17191	0.0928726	0.672087	-0.961059	-1.22667	0.0431965	0.460705	-0.366956	-1.56148	0.0712743	0.257453	0.216136	-1.56459	0.153348	0.0948509	0.634865	-1.25778	0.302376	0	1.16907	-0.744068	0.507559	0.0216802	1.53933	0.16265	0.695464	0.132791	1.46423	0.865823	0.825054	0.317073	0.981963	1.39639	0.87257	0.514905	0.373476	1.55495	0.777538	0.701897	-0.713472	1.40387	0.609071	0.899729	-1.26992	1.49128	0.431965	0.945799	-1.39115	0.361879	0.257019	0.945799	-1.32084	0	0.114471	0.945799	-1.11981	0	0.0302376	0.96748	-0.637798	0.164158	0.0151188	0.97832	-0.118055	0.0846447	0	0.948509	-0.114522	-0.225808	0.00647948	0.948509	0.0502371	0	0.00431965	0.95122	-0.0164569	0.0206492	0.0107991	0.95935	0.0490792	0.0615818	0.00863931	0.95664	-0.0168055	-0.0210866	
5	0.990792	0.791971	0	0	0.996317	0.788321	0.000456204	0.125	1	0.762774	0.00196519	0.538462	0.992634	0.667883	0.00790754	2.16667	0.944751	0.405109	0.0262774	7.2	0.860037	0.357664	0.00316302	0.866667	0.78453	0.543796	-0.0143178	-3.92308	0.71639	0.843066	-0.029927	-8.2	0.697974	0.919708	-0.00851581	-2.33333	0.677716	0.821168	0.00703858	1.92857	0.640884	0.565693	0.0196519	5.38462	0.558011	0.266423	0.0374088	10.25	0.473297	0.218978	0.0043132	1.18182	0.39779	0.416058	-0.0218978	-6	0.372007	0.569343	-0.0170316	-4.66667	0.353591	0.766423	-0.0131387	-3.6	0.353591	0.813869	-0.00364964	-1	0.349908	0.762774	0.00510949	1.4	0.335175	0.558394	0.0170316	4.66667	0.285451	0.248175	0.0221585	6.07143	0.197053	0.0109489	0.0296533	8.125	0.132597	0	0.00109489	0.3	0.0368324	0.218978	-0.0243309	-6.66667	0	0.562044	-0.0381184	-10.4444	0.0165746	0.846715	-0.0218978	-6	0.0257827	0.963504	-0.00973236	-2.66667	0.0441989	1	-0.00243309	-0.666667	0.0497238	0.974453	0.00212895	0.583333	0.0607735	0.959854	0.00121655	0.333333	0.06814	0.963504	-0.000260688	-0.0714286	
4	0.958848	0.681818	1.52897	1.15899	0.973251	0.68984	0.932856	0.519521	1	0.719251	1.89885	2.08787	1	0.719251	0	0	0.995885	0.724599	-0.0319433	0.0415092	0.919753	0.737968	-0.551463	0.0968387	0.716049	0.617647	-1.45222	-0.857775	0.574074	0.414439	-1.09737	-1.57066	0.567901	0.176471	-0.0464459	-1.79053	0.656379	0.0106952	0.676789	-1.26806	0.777778	0	0.943881	-0.0831553	0.835391	0.0989305	0.455934	0.782907	0.835391	0.0989305	0.43785	0.751854	0.901235	0.59893	0.506369	3.84524	0.876543	0.847594	-0.18726	1.88587	0.82716	1	-0.371393	1.14621	0.72428	0.965241	-0.801401	-0.270762	0.555556	0.882353	-1.27163	-0.624705	0.45679	0.721925	-0.777155	-1.26236	0.524691	0.542781	0.514138	-1.35645	0.67284	0.534759	1.15828	-0.0627142	0.734568	0.566845	0.467381	0.242938	0.734568	0.566845	0.482951	0.251031	0.734568	0.566845	0.469018	0.243789	0.734568	0.566845	0.463576	0.24096	0.0226337	0.491979	-5.60432	-0.589345	0	0.481283	-0.171107	-0.0808539	0.00411523	0.489305	0.031825	0.0620332	0.0123457	0.470588	0.0623519	-0.141792	0.0164609	0.467914	0.0324039	-0.0210539	
3	0	0	2.86131	1.00924	0.0430108	0.0294985	2.88529	1.97885	0.224014	0.0619469	12.8582	2.30507	0.224014	0.0589971	0	-0.116627	0.229391	0.0678466	0.0375425	0.0617956	0.306452	0.162242	0.645596	0.790819	0.636201	0.483776	2.39514	2.33547	0.636201	0.483776	2.41121	2.35113	0.636201	0.483776	2.496	2.43382	0.989247	0.949853	2.74915	3.62931	1	0.982301	0.0813883	0.245606	0.996416	0.873156	-0.0280263	-0.853439	0.996416	0.873156	-0.0269416	-0.820407	0.964158	0.303835	-0.246682	-4.35367	0.948029	0.117994	-0.12594	-1.4511	0.939068	0.0294985	-0.0678806	-0.670396	0.942652	0.0176991	0.0279718	-0.0920843	0.935484	0.0353982	-0.0550564	0.135936	0.896057	0.120944	-0.303664	0.658876	0.765233	0.327434	-0.989332	1.56154	0.765233	0.327434	-1.01891	1.60822	0.765233	0.327434	-0.994462	1.56963	0.0806452	0.935103	-5.12412	4.54839	0.0215054	0.99115	-0.462044	0.437883	0.0107527	1	-0.081803	0.0673246	0.0125448	0.988201	0.0139485	-0.0918378	0.0143369	0.973451	0.013562	-0.111617	0.0143369	0.979351	0	0.046076	0.0143369	0.982301	0	0.0224632	0.0125448	0.979351	-0.0139896	-0.0230272	
5	0.996678	0.900641	0	0	1	0.903846	-0.000400641	-0.125	1	0.849359	0.00419132	1.30769	0.956811	0.660256	0.0157585	4.91667	0.908638	0.375	0.0203755	6.35714	0.835548	0.221154	0.0192308	6	0.775748	0.224359	-0.000320513	-0.1	0.687708	0.355769	-0.0109509	-3.41667	0.647841	0.589744	-0.0259971	-8.11111	0.646179	0.833333	-0.0187377	-5.84615	0.642857	0.977564	-0.0160256	-5	0.649502	0.971154	0.000712251	0.222222	0.637874	0.810897	0.0114469	3.57143	0.624585	0.567308	0.0173993	5.42857	0.593023	0.160256	0.0581502	18.1429	0.521595	0.0192308	0.00940171	2.93333	0.430233	0.0769231	-0.00443787	-1.38462	0.312292	0.336538	-0.018544	-5.78571	0.259136	0.647436	-0.0388622	-12.125	0.254153	0.798077	-0.0125534	-3.91667	0.26412	0.942308	-0.0110947	-3.46154	0.262458	1	-0.00641026	-2	0.257475	0.945513	0.00544872	1.7	0.249169	0.701923	0.0173993	5.42857	0.215947	0.314103	0.0277015	8.64286	0.157807	0.0384615	0.0250583	7.81818	0.0863787	0	0.0034965	1.09091	0.0398671	0.134615	-0.00961538	-3	0	0.490385	-0.0355769	-11.1	0.00332226	0.74359	-0.0194773	-6.07692	
3	0.780899	0.0199005	0.0946782	0.628833	0.780899	0.0199005	0.117357	0.779464	0.0149813	0.0248756	-49.2706	0.320044	0.0131086	0.0223881	-0.0828211	-0.110016	0.011236	0.0199005	-0.0129001	-0.017136	0.00749064	0.0149254	-0.0323794	-0.0430114	0.0131086	0.0199005	0.0386822	0.0342559	0.104869	0.0995025	0.69879	0.6062	0.104869	0.0995025	0.685526	0.594693	0.104869	0.0995025	0.733906	0.636663	0.104869	0.0995025	0.688395	0.597182	0.104869	0.0995025	0.719125	0.62384	0.985019	1	6.65817	6.8121	0.985019	1	6.67027	6.82448	0.985019	1	6.98648	7.148	1	0.21393	0.112621	-5.90923	0.981273	0.0572139	-0.144345	-1.20797	0.968165	0	-0.0997573	-0.435401	0.97191	0.00746269	0.0293054	0.0583922	0.97191	0.0273632	0	0.153946	0.947566	0.0621891	-0.186656	0.267018	0.85206	0.20398	-0.727135	1.07953	0.85206	0.20398	-0.722181	1.07218	0.329588	0.718905	-4.03282	3.97457	0.131086	0.89801	-1.49455	1.34851	0.0468165	0.947761	-0.670233	0.395693	0.0187266	0.955224	-0.212402	0.0564291	0.00749064	0.970149	-0.0867882	0.115286	0.00187266	0.967662	-0.0424338	-0.0187891	0	0.962687	-0.0148224	-0.0393788	
2	0.983425	0.0958549	-0.319614	2.84754	0.977901	0.137306	-0.362621	2.7206	0.990792	0.196891	0.87583	4.0482	0.990792	0.194301	0	-0.0866824	0.98895	0.199482	-0.0144087	0.0405385	0.961326	0.287565	-0.196512	0.626599	0.860037	0.507772	-0.746101	1.62206	0.860037	0.507772	-0.761853	1.6563	0.860037	0.507772	-0.76971	1.67338	0.403315	1	-3.57015	3.84769	0.333333	0.963731	-0.520816	-0.269924	0.333333	0.963731	-0.548028	-0.284027	0.0828729	0.463731	-1.88716	-3.76739	0.0313076	0.266839	-0.40873	-1.56064	0	0.134715	-0.238854	-1.00801	0.0128913	0.0725389	0.100824	-0.486283	0.0662983	0.0569948	0.404988	-0.117871	0.189687	0	0.932107	-0.430553	0.189687	0	0.952622	-0.440029	0.731123	0.0829016	4.11052	0.629378	0.922652	0.108808	1.4955	0.202286	0.987109	0.150259	0.487371	0.313418	1	0.160622	0.101334	0.0814574	0.998158	0.158031	-0.0139546	-0.0196305	0.994475	0.15285	-0.028822	-0.0405449	0.990792	0.150259	-0.0280073	-0.0196994	0.992634	0.150259	0.0137842	0	0.994475	0.150259	0.0143642	0	0.994475	0.150259	0	0	0.994475	0.147668	0	-0.0203001	
1	1	0.851852	1.73687	0.172258	0.995851	0.88642	-0.308988	2.57414	0.975104	0.906173	-1.51292	1.44045	0.958506	0.925926	-0.5	0.595062	0.96888	0.911111	0.0778559	-0.11119	0.925311	0.935802	-0.30892	0.175073	0.757261	0.97284	-1.24108	0.273526	0.504149	0.930864	-1.95851	-0.324793	0.267635	0.792593	-1.7963	-1.05015	0.122407	0.644444	-1.12998	-1.1527	0.0394191	0.45679	-0.621071	-1.40439	0.0373444	0.274074	-0.0163535	-1.44024	0.093361	0.108642	0.430655	-1.27184	0.224066	0	1.02695	-0.853594	0.410788	0.00246914	1.41175	0.0186684	0.60166	0.101235	1.43117	0.740553	0.755187	0.249383	1.19893	1.15693	0.854772	0.491358	0.750074	1.82256	0.792531	0.725926	-0.492629	1.85658	0.6639	0.911111	-0.985207	1.41837	0.46888	0.982716	-1.48614	0.545661	0.26556	0.995062	-1.50048	0.09111	0.136929	1	-1.08374	0.0416061	0.0456432	0.962963	-0.683552	-0.277333	0.0145228	0.928395	-0.231407	-0.257043	0.00414938	0.911111	-0.0810501	-0.135043	0.00207469	0.898765	-0.016023	-0.0953467	0.00622407	0.903704	0.0316935	0.0377192	0	0.903704	-0.0469776	0	0.00414938	0.903704	0.0319496	0	
2	0.952118	0.150396	0.513927	0.589049	0.963168	0.147757	0.712751	-0.170195	1	0.116095	2.37704	-2.04338	1	0.113456	0	-0.104343	0.998158	0.118734	-0.0142157	0.0407343	0.974217	0.240106	-0.165719	0.840131	0.900552	0.498681	-0.551652	1.93639	0.714549	0.852243	-1.41504	2.68975	0.558011	1	-1.19038	1.12361	0.372007	0.965699	-1.45191	-0.267745	0.372007	0.965699	-1.41155	-0.260302	0.0128913	0.306069	-2.81251	-5.16607	0	0.14248	-0.0985433	-1.25049	0.0184162	0.0422164	0.141973	-0.772949	0.0847145	0	0.499912	-0.318326	0.0847145	0	0.502889	-0.320221	0.60221	0.0686016	4.05237	0.537201	0.819521	0.0765172	1.6396	0.0597225	0.935543	0.14248	0.909015	0.51681	0.961326	0.16095	0.195253	0.139871	0.963168	0.155673	0.0143567	-0.0411382	0.966851	0.155673	0.0279413	0	0.976059	0.16095	0.0728616	0.041756	0.985267	0.16095	0.06906	0	0.98895	0.168865	0.0277509	0.0596389	0.987109	0.174142	-0.0142936	0.0409575	0.981584	0.17942	-0.0420996	0.0402113	0.977901	0.176781	-0.028771	-0.0206104	0.977901	0.174142	0	-0.0200857	0.979742	0.174142	0.0144875	0	
5	0.990826	0.745704	0	0	0.992661	0.742268	0.00026434	0.0769231	1	0.66323	0.00607983	1.76923	0.970642	0.498282	0.0137457	4	0.893578	0.316151	0.0130093	3.78571	0.792661	0.219931	0.00962199	2.8	0.700917	0.281787	-0.00515464	-1.5	0.625688	0.467354	-0.0185567	-5.4	0.601835	0.656357	-0.0157503	-4.58333	0.585321	0.701031	-0.0037228	-1.08333	0.579817	0.635739	0.00502247	1.46154	0.559633	0.453608	0.0202367	5.88889	0.526606	0.247423	0.0229095	6.66667	0.477064	0.154639	0.00773196	2.25	0.422018	0.247423	-0.0115979	-3.375	0.383486	0.402062	-0.0193299	-5.625	0.359633	0.505155	-0.0103093	-3	0.33945	0.621993	-0.00898758	-2.61538	0.333945	0.635739	-0.00105736	-0.307692	0.326606	0.522337	0.0103093	3	0.295413	0.312715	0.0139748	4.06667	0.240367	0.0996564	0.0213058	6.2	0.174312	0	0.0083047	2.41667	0.0880734	0.182131	-0.01401	-4.07692	0.00550459	0.635739	-0.0504009	-14.6667	0	0.95189	-0.0225822	-6.57143	0.0110092	1	-0.004811	-1.4	0.012844	0.975945	0.00171821	0.5	0.0183486	0.965636	0.000736377	0.214286	0.0238532	0.958763	0.000624805	0.181818	
5	0.994197	0.725753	0	0	1	0.705686	0.00250836	0.75	0.974855	0.58194	0.0103122	3.08333	0.922631	0.344482	0.0197882	5.91667	0.82205	0.117057	0.020675	6.18182	0.676983	0.090301	0.00191113	0.571429	0.597679	0.180602	-0.0112876	-3.375	0.547389	0.397993	-0.015528	-4.64286	0.537718	0.605351	-0.0159506	-4.76923	0.547389	0.685619	-0.00668896	-2	0.549323	0.628763	0.00406116	1.21429	0.551257	0.491639	0.00721704	2.15789	0.547389	0.277592	0.0152891	4.57143	0.529981	0.12709	0.0150502	4.5	0.500967	0	0.012709	3.8	0.421663	0.103679	-0.0115199	-3.44444	0.352031	0.297659	-0.0176345	-5.27273	0.309478	0.491639	-0.0215533	-6.44444	0.286267	0.64214	-0.0107501	-3.21429	0.286267	0.719064	-0.00854701	-2.55556	0.280464	0.672241	0.00360175	1.07692	0.251451	0.531773	0.0117057	3.5	0.243714	0.284281	0.017678	5.28571	0.205029	0.090301	0.016165	4.83333	0.172147	0.083612	0.000557414	0.166667	0.102515	0.270903	-0.0187291	-5.6	0.0483559	0.454849	-0.0141497	-4.23077	0	0.759197	-0.027668	-8.27273	0.00193424	0.956522	-0.0197324	-5.9	0.00967118	1	-0.00334448	-1	
4	0.90795	0.645238	0.41509	7.08618	0.905858	0.67381	-0.127719	1.74428	1	0.733333	6.31021	3.98979	1	0.72619	0	-0.295699	1	0.728571	0	0.0166761	0.943515	0.747619	-0.42721	0.144061	0.771967	0.745238	-1.32832	-0.018436	0.556485	0.485714	-1.61336	-1.94311	0.537657	0.233333	-0.148064	-1.98469	0.583682	0.0738095	0.349146	-1.21015	0.686192	0	0.775554	-0.558414	0.786611	0.0333333	0.785452	0.260726	0.786611	0.0333333	0.772123	0.256302	0.956067	0.511905	1.3168	3.71885	0.920502	0.814286	-0.266633	2.26698	0.870293	1	-0.392079	1.45023	0.786611	0.988095	-0.634127	-0.0902121	0.786611	0.988095	-0.658395	-0.0936645	0.472803	0.757143	-2.36249	-1.73872	0.481172	0.65	0.0627542	-0.803477	0.642259	0.609524	1.27493	-0.32035	0.732218	0.647619	0.681217	0.28848	0.799163	0.690476	0.522858	0.334722	0.817992	0.707143	0.142654	0.126275	0.671548	0.633333	-1.14512	-0.577155	0.671548	0.633333	-1.11501	-0.561978	0.10251	0.478571	-4.45863	-1.21262	0.0083682	0.490476	-0.706037	0.089282	0	0.47619	-0.0621755	-0.106143	0.0041841	0.471429	0.0328611	-0.037399	
6	0.184647	0	0	0	0.228216	0	0	0	0.392116	0.0234506	-0.00180389	-1.07692	0.674274	0.0737018	-0.00502513	-3	0.860996	0.128978	-0.00614182	-3.66667	0.966805	0.239531	-0.0110553	-6.6	0.906639	0.271357	-0.00244814	-1.46154	0.634855	0.268007	0.000223339	0.133333	0.400415	0.274707	-0.000744463	-0.444444	0.0995851	0.293132	-0.00184255	-1.1	0	0.306533	-0.00148893	-0.888889	0.0477178	0.335008	-0.00219044	-1.30769	0.118257	0.373534	-0.0038526	-2.3	0.323651	0.465662	-0.00708672	-4.23077	0.495851	0.542714	-0.00856133	-5.11111	0.678423	0.631491	-0.00887772	-5.3	0.755187	0.683417	-0.00649079	-3.875	0.759336	0.711893	-0.0025887	-1.54545	0.593361	0.747069	-0.00390843	-2.33333	0.408714	0.767169	-0.00134003	-0.8	0.226141	0.770519	-0.000257699	-0.153846	0.06639	0.79397	-0.00167504	-1	0.0394191	0.824121	-0.00251256	-1.5	0.128631	0.892797	-0.00457845	-2.73333	0.244813	0.899497	-0.000478583	-0.285714	0.614108	0.929648	-0.00335008	-2	0.744813	0.976549	-0.00426374	-2.54545	0.858921	0.994975	-0.00153546	-0.916667	1	1	-0.000502513	-0.3	0.910788	1	0	0	
3	0.0965058	0.0428571	1.67274	-0.337922	0.118136	0.0457143	1.5688	0.20722	0.22629	0.00285714	7.39806	-2.93158	0.22629	0	0	-0.105402	0.229617	0.00285714	0.023602	0.020264	0.272879	0.0542857	0.322636	0.383547	0.429285	0.214286	1.18978	1.21712	0.615641	0.4	1.41717	1.41229	0.615641	0.4	1.41181	1.40695	0.615641	0.4	1.41817	1.41329	0.995008	0.937143	2.94551	4.17052	1	0.945714	0.0379186	0.0651117	0.990017	0.845714	-0.0777508	-0.778804	0.958403	0.585714	-0.235907	-1.94015	0.923461	0.305714	-0.277283	-2.22196	0.91015	0.14	-0.100476	-1.25085	0.91015	0.14	-0.102379	-1.27455	0.91015	0.14	-0.10331	-1.28613	0.8802	0.111429	-0.226448	-0.216025	0.8802	0.111429	-0.233358	-0.222616	0.590682	0.34	-2.19739	1.73482	0.389351	0.554286	-1.57027	1.67131	0.216306	0.788571	-1.29673	1.75565	0.0898502	0.9	-0.995489	0.87719	0.0199667	0.974286	-0.53802	0.571912	0	1	-0.159014	0.204787	0.00665557	0.988571	0.0489078	-0.0839817	0.0116473	0.968571	0.0377914	-0.151418	0.0183028	0.962857	0.0519788	-0.0446276	0.0232945	0.94	0.0377605	-0.172907	
5	1	0.948339	0	0	0.992537	0.95203	-0.000246002	-0.0666667	0.990672	0.756458	0.0177793	4.81818	0.91791	0.228782	0.0376911	10.2143	0.794776	0.0442804	0.0115314	3.125	0.641791	0.228782	-0.0141924	-3.84615	0.595149	0.494465	-0.024153	-6.54545	0.593284	0.752768	-0.0287003	-7.77778	0.613806	0.933579	-0.0226015	-6.125	0.619403	1	-0.00830258	-2.25	0.613806	0.896679	0.00738007	2	0.626866	0.616236	0.0175277	4.75	0.597015	0.284133	0.0207565	5.625	0.567164	0.0701107	0.0214022	5.8	0.531716	0.095941	-0.00322878	-0.875	0.472015	0.328413	-0.0258303	-7	0.419776	0.579336	-0.0209102	-5.66667	0.38806	0.785978	-0.0172202	-4.66667	0.380597	0.885609	-0.0099631	-2.7	0.378731	0.900369	-0.0010543	-0.285714	0.358209	0.789668	0.0110701	3	0.333955	0.549815	0.0266503	7.22222	0.274254	0.254613	0.0227079	6.15385	0.231343	0.0405904	0.0152873	4.14286	0.188433	0	0.00451005	1.22222	0.0932836	0.0922509	-0.0115314	-3.125	0.0130597	0.295203	-0.0225502	-6.11111	0	0.501845	-0.0206642	-5.6	0.00746269	0.686347	-0.0123001	-3.33333	0.016791	0.763838	-0.00516605	-1.4	
3	0.00464396	0.0388548	0.506343	-0.535129	0.00464396	0.0408998	0	0.140501	0	0	-0.332472	-2.92811	0.00619195	0.00817996	0.210403	0.277956	0.0170279	0.0122699	0.0807668	0.0304852	0.0170279	0.0163599	0	0.0307025	0.0108359	0.0327198	-0.044475	0.117509	0.0108359	0.0327198	-0.0461126	0.121835	0.0108359	0.0327198	-0.0487913	0.128913	0.0108359	0.0327198	-0.0470198	0.124232	0.0108359	0.0327198	-0.0479287	0.126634	0.0108359	0.0327198	-0.0469407	0.124023	0.0108359	0.0327198	-0.0478243	0.126358	1	0.188139	7.48987	1.17682	0.96904	0.0777096	-0.238874	-0.852033	0.934985	0.0368098	-0.26026	-0.312563	0.934985	0.0368098	-0.25926	-0.311363	0.405573	0.805726	-4.12942	5.99756	0.147059	0.99591	-1.9589	1.44112	0.0959752	1	-0.404434	0.0323808	0.0804954	0.977505	-0.114467	-0.166341	0.0619195	0.944785	-0.145702	-0.256642	0.0510836	0.9182	-0.0821619	-0.201576	0.0386997	0.881391	-0.0966729	-0.28735	0.0402477	0.854806	0.011809	-0.202806	0.0495356	0.854806	0.069844	0	0.0448916	0.846626	-0.0364289	-0.0641666	0.0448916	0.828221	0	-0.139032	0.0572755	0.822086	0.0974643	-0.0482837	0.0603715	0.826176	0.0234022	0.0309158	
1	0.997886	0.900901	0.566987	-1.08724	1	0.876126	0.131346	-1.53918	0.991543	0.842342	-0.569357	-2.27454	0.980973	0.844595	-0.433197	0.0922982	0.980973	0.844595	0	0	0.885835	0.894144	-0.809693	0.421705	0.680761	0.966216	-1.48005	0.520155	0.41649	0.914414	-1.91543	-0.37546	0.181818	0.772523	-1.78284	-1.07798	0.0359408	0.65991	-1.10646	-0.854155	0	0.484234	-0.279758	-1.36743	0.0359408	0.304054	0.271526	-1.36123	0.112051	0.132883	0.595098	-1.33837	0.257928	0.00675676	1.0999	-0.950975	0.450317	0	1.50875	-0.0529876	0.638478	0.112613	1.42725	0.8542	0.765328	0.277027	0.959487	1.24362	0.82241	0.470721	0.446623	1.51549	0.7463	0.689189	-0.576878	1.65589	0.59408	0.887387	-1.18828	1.5472	0.420719	0.966216	-1.32244	0.601324	0.30444	0.986486	-0.899006	0.156719	0.188161	1	-0.884924	0.102842	0.109937	0.972973	-0.609953	-0.210744	0.0739958	0.957207	-0.271598	-0.119139	0.0570825	0.954955	-0.128396	-0.0170978	0.0528541	0.943694	-0.0330537	-0.0880316	0.0549683	0.948198	0.0159993	0.0340886	0.0570825	0.943694	0.016517	-0.0351917	0.0591966	0.936937	0.0159819	-0.0510773	
5	0.979362	1	0	0	0.981238	0.984772	0.00169205	0.333333	1	0.837563	0.0113237	2.23077	0.988743	0.57868	0.0258883	5.1	0.941839	0.42132	0.0174845	3.44444	0.84803	0.192893	0.0190355	3.75	0.765478	0.162437	0.00338409	0.666667	0.69606	0.314721	-0.0152284	-3	0.600375	0.807107	-0.0410321	-8.08333	0.600375	0.807107	0	0	0.594747	0.989848	-0.0152284	-3	0.577861	0.974619	0.00152284	0.3	0.560976	0.888325	0.00784495	1.54545	0.532833	0.639594	0.0177665	3.5	0.49531	0.411168	0.0152284	3	0.437148	0.15736	0.0195236	3.84615	0.362101	0.238579	-0.00902425	-1.77778	0.322702	0.532995	-0.0327129	-6.44444	0.300188	0.878173	-0.0246555	-4.85714	0.300188	0.878173	0	0	0.298311	0.964467	-0.00958827	-1.88889	0.287054	0.989848	-0.00195236	-0.384615	0.285178	0.852792	0.0152284	3	0.30394	0.558376	0.0294416	5.8	0.273921	0.22335	0.0239304	4.71429	0.20075	0	0.0171808	3.38462	0.118199	0.0507614	-0.00634518	-1.25	0.0412758	0.335025	-0.0218665	-4.30769	0	0.720812	-0.0482234	-9.5	0	0.918782	-0.019797	-3.9	
1	0.997881	0.933504	-1.29353	0.520498	0.995763	0.930946	-0.157123	-0.189673	1	0.913043	0.302058	-1.27621	0.991525	0.913043	-0.302166	0	0.961864	0.925831	-0.212286	0.0915227	0.961864	0.925831	-0.220838	0.0952098	0.961864	0.925831	-0.224626	0.096843	0.230932	0.757033	-5.7146	-1.3197	0.0635593	0.618926	-1.23264	-1.01711	0	0.445013	-0.483117	-1.32192	0.00847458	0.273657	0.0660641	-1.33581	0.0805085	0.132992	0.541177	-1.05679	0.213983	0.0306905	1.04413	-0.800276	0.385593	0	1.29775	-0.232087	0.576271	0.0690537	1.49043	0.539756	0.722458	0.186701	1.10889	0.892409	0.79661	0.368286	0.58205	1.42533	0.798729	0.611253	0.0165163	1.89409	0.595339	0.856777	-1.49725	1.80742	0.436441	0.928389	-1.22324	0.55128	0.245763	1	-1.44303	0.541948	0.110169	0.997442	-1.06038	-0.0200008	0.0169492	0.974425	-0.690158	-0.170413	0.0105932	0.961637	-0.0513039	-0.10322	0.0148305	0.925831	0.0322359	-0.272398	0.0190678	0.910486	0.0331793	-0.120158	0.0275424	0.948849	0.0632922	0.286514	0.0254237	0.902813	-0.0160735	-0.349259	0.0148305	0.920716	-0.082273	0.139043	0.0148305	0.933504	0	0.0972117	
5	0.974441	0.918605	0	0	0.974441	0.906977	0.00129199	0.333333	1	0.732558	0.0158562	4.09091	0.966454	0.472868	0.0216408	5.58333	0.873802	0.139535	0.0277778	7.16667	0.806709	0.0387597	0.00839793	2.16667	0.723642	0.135659	-0.00880902	-2.27273	0.678914	0.410853	-0.0211688	-5.46154	0.65655	0.662791	-0.0179956	-4.64286	0.654952	0.802326	-0.012685	-3.27273	0.646965	0.771318	0.00281889	0.727273	0.629393	0.620155	0.0107973	2.78571	0.597444	0.333333	0.0239018	6.16667	0.536741	0.0503876	0.0257223	6.63636	0.488818	0	0.00559862	1.44444	0.442492	0.232558	-0.0211416	-5.45455	0.388179	0.554264	-0.0402132	-10.375	0.348243	0.736434	-0.0151809	-3.91667	0.324281	0.934109	-0.0164729	-4.25	0.314696	1	-0.00506857	-1.30769	0.308307	0.945736	0.00678295	1.75	0.298722	0.678295	0.0267442	6.9	0.196486	0.162791	0.0572782	14.7778	0.196486	0.158915	0.000352361	0.0909091	0.140575	0.0891473	0.00536673	1.38462	0.071885	0.251938	-0.0180879	-4.66667	0.0175719	0.534884	-0.0282946	-7.3	0	0.771318	-0.0295543	-7.625	0.00798722	0.883721	-0.0112403	-2.9	0.0111821	0.883721	0	0	
2	1	0.120448	0	1.46412	0.993056	0.123249	-0.412548	0.166406	0.973958	0.128852	-1.38017	0.404878	0.973958	0.12605	0	-0.121224	0.973958	0.128852	0	0.0217937	0.961806	0.238095	-0.0868082	0.780335	0.881944	0.619048	-0.585049	2.79079	0.881944	0.619048	-0.602326	2.87321	0.881944	0.619048	-0.625494	2.98372	0.543403	1	-2.56483	2.88613	0.543403	1	-2.63867	2.96923	0.543403	1	-2.57517	2.89777	0.128472	0.302521	-3.13707	-5.27327	0.0260417	0.114846	-0.798031	-1.46217	0	0.0420168	-0.198114	-0.554053	0.00868056	0.022409	0.0675025	-0.152476	0.0503472	0	0.315707	-0.169792	0.0503472	0	0.326539	-0.175618	0.630208	0.0364146	4.3823	0.275203	0.802083	0	1.34653	-0.285284	0.899306	0.0560224	0.73489	0.423466	0.914931	0.0616246	0.119467	0.0428342	0.918403	0.0588235	0.0269165	-0.0217141	0.927083	0.0616246	0.0666596	0.0215103	0.934028	0.0672269	0.0537101	0.0433292	0.940972	0.070028	0.0524458	0.0211546	0.947917	0.0756303	0.0541603	0.0436924	0.953125	0.0812325	0.0393617	0.0423386	0.956597	0.0812325	0.0271449	0	0.956597	0.0812325	0	0	
3	0.0844371	0.028169	1.96875	2.11557	0.115894	0.0535211	2.13471	1.72043	0.208609	0.0140845	6.652	-2.82944	0.208609	0.0056338	0	-0.303383	0.206954	0	-0.0118798	-0.0404247	0.205298	0	-0.0120119	0	0.258278	0.0591549	0.399331	0.445873	0.594371	0.346479	2.63117	2.24938	0.594371	0.346479	2.56987	2.19697	0.951987	0.870423	2.68947	3.94034	1	0.994366	0.371062	0.957878	0.996689	1	-0.0252567	0.042972	0.966887	0.935211	-0.231095	-0.502407	0.961921	0.861972	-0.0374537	-0.552275	0.961921	0.861972	-0.0392708	-0.579069	0.879139	0.256338	-0.632093	-4.62443	0.879139	0.256338	-0.640055	-4.68268	0.879139	0.256338	-0.631915	-4.62312	0.879139	0.256338	-0.627345	-4.58969	0.879139	0.256338	-0.641499	-4.69324	0.610927	0.191549	-2.02859	-0.490022	0.610927	0.191549	-2.106	-0.508721	0.0778146	0.895775	-4.08009	5.38967	0.013245	0.949296	-0.505943	0.419372	0	0.952113	-0.100127	0.0212945	0.00165563	0.921127	0.01289	-0.241243	0.00662252	0.907042	0.0373588	-0.105938	0.00827815	0.901408	0.0125473	-0.0426961	0.00827815	0.88169	0	-0.153767	0.00993377	0.867606	0.0125553	-0.106808	
6	0.0532915	0.0165877	0	0	0.0721003	0.007109	0.000677048	0.285714	0.213166	0	0.000507786	0.214286	0.507837	0	0	0	0.818182	0.0521327	-0.00401021	-1.69231	1	0.132701	-0.00671406	-2.83333	0.996865	0.201422	-0.00624731	-2.63636	0.815047	0.21564	-0.00101557	-0.428571	0.583072	0.232227	-0.00127598	-0.538462	0.31348	0.265403	-0.00368615	-1.55556	0.159875	0.308057	-0.00473934	-2	0.0752351	0.374408	-0.00603188	-2.54545	0.144201	0.409953	-0.00394945	-1.66667	0.316614	0.43128	-0.00177725	-0.75	0.507837	0.457346	-0.00236967	-1	0.695925	0.49763	-0.0030988	-1.30769	0.846395	0.547393	-0.00552923	-2.33333	0.836991	0.587678	-0.00447604	-1.88889	0.695925	0.601896	-0.00157978	-0.666667	0.46395	0.597156	0.000430849	0.181818	0.23511	0.606635	-0.00105319	-0.444444	0.0877743	0.635071	-0.00315956	-1.33333	0	0.670616	-0.00273423	-1.15385	0.0188088	0.718009	-0.00526593	-2.22222	0.119122	0.760664	-0.00328108	-1.38462	0.257053	0.834123	-0.00734597	-3.1	0.423197	0.883886	-0.00311019	-1.3125	0.68652	0.914692	-0.00342285	-1.44444	0.768025	0.947867	-0.00255195	-1.07692	0.758621	1	-0.00579252	-2.44444	
3	0.0168856	0	2.33443	1.40934	0.0581614	0.038835	2.77055	2.60671	0.247655	0.142395	13.0486	7.1312	0.245779	0.142395	-0.0605354	0	0.245779	0.132686	0	-0.0696167	0.262664	0.142395	0.123852	0.0712113	0.369606	0.239482	0.806724	0.732386	0.560976	0.423948	1.46042	1.40774	0.688555	0.556634	0.967914	1.00665	0.831144	0.789644	1.12562	1.83942	0.934334	0.954693	0.782496	1.25158	0.983114	0.996764	0.381876	0.329353	1	1	0.127634	0.024462	0.990619	0.857605	-0.073493	-1.11557	0.964353	0.553398	-0.198487	-2.2988	0.939962	0.271845	-0.184895	-2.13437	0.928705	0.0938511	-0.0877106	-1.38686	0.941839	0.0517799	0.0995701	-0.318965	0.941839	0.0485437	0	-0.0251502	0.915572	0.110032	-0.20277	0.474677	0.829268	0.216828	-0.671287	0.830679	0.65666	0.365696	-1.3218	1.14	0.476548	0.592233	-1.38958	1.74774	0.270169	0.783172	-1.55733	1.44082	0.120075	0.880259	-1.13477	0.73402	0.0281426	0.912621	-0.717382	0.252536	0.00375235	0.928803	-0.18433	0.12229	0	0.932039	-0.0293246	0.0252913	0	0.935275	0	0.0245209	0.00187617	0.938511	0.0146054	0.0251932	
2	0.928131	0.0891365	-0.842149	2.12162	0.934292	0.125348	0.407417	2.39495	1	0.211699	4.37997	5.75596	1	0.208914	0	-0.091176	1	0.208914	0	0	0.997947	0.21727	-0.014226	0.0578949	0.971253	0.337047	-0.208412	0.935153	0.893224	0.520891	-0.595018	1.40192	0.724846	0.771588	-1.33282	1.98442	0.550308	1	-1.32253	1.73075	0.457906	0.997214	-0.722154	-0.0217697	0.457906	0.997214	-0.700098	-0.0211048	0.457906	0.997214	-0.70252	-0.0211778	0.11499	0.314763	-2.67481	-5.32325	0.0246407	0.122563	-0.682617	-1.45214	0	0.0278552	-0.192158	-0.738569	0.0492813	0	0.373949	-0.211366	0.0492813	0	0.386103	-0.218236	0.61191	0.0891365	4.18168	0.662498	0.809035	0.0473538	1.57862	-0.334605	0.956879	0.133705	1.0967	0.640548	0.995893	0.16156	0.29648	0.211678	1	0.167131	0.031854	0.0432114	0.997947	0.16156	-0.0157278	-0.0426709	0.99384	0.158774	-0.031447	-0.0213296	0.99384	0.155989	0	-0.0210961	0.995893	0.153203	0.0161219	-0.0218702	0.995893	0.155989	0	0.021089	0.99384	0.155989	-0.0159157	0	0.989733	0.150418	-0.0309642	-0.0420043	
1	0.977035	0.795309	-1.23211	0.377515	0.981211	0.78678	0.284136	-0.58039	1	0.780384	0.998092	-0.339791	0.995825	0.78678	-0.174416	0.267202	0.995825	0.78678	0	0	0.949896	0.812367	-0.348226	0.193992	0.949896	0.812367	-0.317822	0.177054	0.473904	0.778252	-3.64272	-0.26108	0.204593	0.729211	-2.05465	-0.374144	0.045929	0.597015	-1.21642	-1.0135	0.0271399	0.4371	-0.141931	-1.20798	0.0814196	0.249467	0.42559	-1.47117	0.194154	0.0852878	0.852116	-1.24096	0.382046	0	1.46637	-0.665614	0.59499	0.0575693	1.61141	0.435646	0.753653	0.19403	1.20575	1.03701	0.843424	0.377399	0.700411	1.43069	0.780793	0.599147	-0.472865	1.67422	0.632568	0.82516	-1.16314	1.77354	0.382046	0.946695	-1.89333	0.918508	0.204593	1	-1.38798	0.416933	0.0521921	0.987207	-1.15455	-0.096918	0	0.957356	-0.40755	-0.233094	0	0.940299	0	-0.129333	0.0125261	0.944563	0.0944953	0.03217	0.0229645	0.946695	0.081148	0.0165757	0.0438413	0.944563	0.159324	-0.0162721	0.0417537	0.944563	-0.016365	0	0.0417537	0.933902	0	-0.0806983	0.0480167	0.944563	0.0488919	0.0832239	
2	0.875874	0.222841	0	1.82856	0.881119	0.245125	0.385161	1.63649	0.968531	0.183844	6.11741	-4.28866	0.968531	0.183844	0	0	0.968531	0.181058	0	-0.0207642	0.95979	0.256267	-0.0591737	0.509125	0.916084	0.437326	-0.341152	1.41326	0.77972	0.724234	-1.05074	2.21076	0.77972	0.724234	-1.05708	2.22409	0.77972	0.724234	-1.03332	2.1741	0.417832	1	-2.82018	2.14903	0.304196	0.846797	-0.855503	-1.15338	0.146853	0.568245	-1.22194	-2.16325	0.0594406	0.348189	-0.66986	-1.68633	0.00699301	0.211699	-0.402242	-1.0468	0	0.147632	-0.0544309	-0.498672	0.00699301	0.111421	0.0523491	-0.271078	0.0472028	0.0807799	0.316075	-0.240855	0.167832	0	0.908074	-0.608096	0.167832	0	0.940887	-0.630069	0.676573	0.00835655	3.86373	0.0634654	0.861888	0.0612813	1.41755	0.404844	0.954545	0.108635	0.719266	0.36759	0.991259	0.13649	0.280992	0.213195	1	0.144847	0.0677454	0.0647639	0.998252	0.142061	-0.0132476	-0.0211077	0.996503	0.139276	-0.0137602	-0.0219244	0.994755	0.139276	-0.0132359	0	0.994755	0.144847	0	0.0427594	0.994755	0.144847	0	0	
6	0.426443	0.0292096	0	0	0.418994	0.0154639	0.000597639	0.347826	0.439479	0.00343643	0.00150344	0.875	0.662942	0	0.000343643	0.2	0.86406	0.0360825	-0.0014433	-0.84	0.945996	0.180412	-0.0103093	-6	0.895717	0.331615	-0.0126002	-7.33333	0.79702	0.365979	-0.00312402	-1.81818	0.649907	0.353952	0.00100229	0.583333	0.428305	0.33677	0.0013217	0.769231	0.230912	0.323024	0.00124961	0.727273	0.10987	0.321306	0.000214777	0.125	0.0595903	0.338488	-0.0012273	-0.714286	0.0986965	0.414089	-0.00756014	-4.4	0.201117	0.506873	-0.00618557	-3.6	0.348231	0.584192	-0.00515464	-3	0.528864	0.647766	-0.0048903	-2.84615	0.6946	0.689003	-0.00317209	-1.84615	0.804469	0.697595	-0.000536942	-0.3125	0.795158	0.74055	-0.00536942	-3.125	0.651769	0.783505	-0.00357961	-2.08333	0.389199	0.773196	0.00114548	0.666667	0.143389	0.743986	0.00243414	1.41667	0.0204842	0.754296	-0.000937207	-0.545455	0	0.792096	-0.00378007	-2.2	0.0614525	0.869416	-0.00702905	-4.09091	0.234637	0.93299	-0.00529782	-3.08333	0.446927	0.924399	0.000660851	0.384615	0.810056	0.97079	-0.00421743	-2.45455	1	1	-0.00243414	-1.41667	
6	0	0.0673077	0	0	0.0031348	0.0230769	0.00402098	2.09091	0.159875	0	0.00164835	0.857143	0.404389	0.0307692	-0.0021978	-1.14286	0.586207	0.0980769	-0.00480769	-2.5	0.655172	0.178846	-0.00734266	-3.81818	0.501567	0.234615	-0.00428994	-2.23077	0.282132	0.298077	-0.00453297	-2.35714	0.103448	0.367308	-0.00692308	-3.6	0.0219436	0.426923	-0.0045858	-2.38462	0.109718	0.465385	-0.00320513	-1.66667	0.332288	0.5	-0.00288462	-1.5	0.658307	0.592308	-0.0102564	-5.33333	0.821317	0.653846	-0.00683761	-3.55556	0.846395	0.701923	-0.00600962	-3.125	0.76489	0.759615	-0.00721154	-3.75	0.601881	0.811538	-0.00649038	-3.375	0.442006	0.842308	-0.0034188	-1.77778	0.351097	0.880769	-0.0042735	-2.22222	0.354232	0.909615	-0.00262238	-1.36364	0.460815	0.926923	-0.00173077	-0.9	0.639498	0.934615	-0.000591716	-0.307692	0.805643	0.940385	-0.000576923	-0.3	0.912226	0.951923	-0.00104895	-0.545455	0.996865	0.959615	-0.000854701	-0.444444	1	0.967308	-0.000549451	-0.285714	0.890282	0.988462	-0.00176282	-0.916667	0.69279	1	-0.000887574	-0.461538	0.557994	0.996154	0.00034965	0.181818	0.479624	1	-0.00034965	-0.181818	
6	1	0.0026738	0	0	0.981579	0.0160428	-0.00102838	-0.384615	0.865789	0	0.00160428	0.6	0.557895	0.0026738	-0.00026738	-0.1	0.257895	0.00802139	-0.000445633	-0.166667	0.0552632	0.0347594	-0.00334225	-1.25	0	0.0989305	-0.00713012	-2.66667	0.0684211	0.165775	-0.00477464	-1.78571	0.2	0.235294	-0.00631988	-2.36364	0.394737	0.294118	-0.00452489	-1.69231	0.631579	0.334225	-0.00445633	-1.66667	0.821053	0.360963	-0.00222816	-0.833333	0.905263	0.387701	-0.00205677	-0.769231	0.839474	0.40107	-0.0013369	-0.5	0.663158	0.395722	0.000534759	0.2	0.434211	0.403743	-0.000891266	-0.333333	0.223684	0.42246	-0.00187166	-0.7	0.0842105	0.457219	-0.0026738	-1	0.00526316	0.524064	-0.00557041	-2.08333	0.0105263	0.59893	-0.00534759	-2	0.0842105	0.687166	-0.00630252	-2.35714	0.210526	0.762032	-0.00680603	-2.54545	0.381579	0.815508	-0.00594177	-2.22222	0.586842	0.847594	-0.00246812	-0.923077	0.734211	0.885027	-0.0026738	-1	0.742105	0.935829	-0.00390786	-1.46154	0.602632	0.975936	-0.00286478	-1.07143	0.368421	0.981283	-0.000411353	-0.153846	0.163158	0.981283	0	0	0.0236842	1	-0.0013369	-0.5	
4	0.895522	0.553488	9.10997	-6.01183	1	0.493023	6.73435	-3.89742	0.925373	0.616279	-4.99781	8.25452	0.940299	0.662791	0.532557	1.6596	0.925373	0.618605	-0.111122	-0.328973	0.930348	0.62093	0.0399467	0.0186727	0.945274	0.665116	0.104368	0.308978	0.950249	0.665116	0.0378201	0	0.930348	0.62093	-0.154497	-0.343038	0.910448	0.672093	-0.150375	0.386604	0.820896	0.634884	-0.698629	-0.290283	0.696517	0.613953	-0.9477	-0.159478	0.572139	0.553488	-0.938723	-0.456351	0.40796	0.45814	-1.2618	-0.732806	0.258706	0.355814	-1.14876	-0.787567	0.154229	0.230233	-0.809315	-0.972791	0.0845771	0.102326	-0.521896	-0.958398	0.0547264	0.00930233	-0.232967	-0.725991	0.0547264	0	0	-0.0707799	0.109453	0.109302	0.422112	0.843064	0.124378	0.544186	0.113834	3.31681	0.378109	0.837209	1.91513	2.2117	0.636816	0.981395	2.02731	1.12989	0.661692	1	0.188235	0.140782	0.442786	0.993023	-1.72314	-0.0549181	0.169154	0.883721	-2.05721	-0.821755	0	0.681395	-1.31546	-1.57343	0.129353	0.562791	0.983062	-0.901374	0.303483	0.532558	1.31344	-0.228042	0.378109	0.537209	0.587678	0.0366274	
4	0.906122	0.673031	2.02853	8.30292	0.920408	0.632458	1.08053	-3.06881	0.995918	0.661098	5.49238	2.08316	0.997959	0.653938	0.0543176	-0.190565	1	0.656325	0.0145058	0.0169638	0.967347	0.680191	-0.238041	0.173986	0.838776	0.727924	-1.00629	0.373589	0.620408	0.591885	-1.65345	-1.03006	0.522449	0.379475	-0.765862	-1.66066	0.55102	0.176611	0.215743	-1.53182	0.62449	0.0310263	0.573692	-1.13681	0.738776	0	0.869165	-0.235961	0.816327	0.0644391	0.584784	0.485912	0.908163	0.360382	0.717485	2.31209	0.946939	0.658711	0.293741	2.25997	0.897959	0.926014	-0.382781	2.08901	0.779592	1	-0.894007	0.5588	0.779592	1	-0.926687	0.579227	0.32449	0.847255	-3.44959	-1.15778	0.297959	0.670644	-0.207465	-1.38107	0.4	0.5179	0.772995	-1.15709	0.526531	0.5179	0.957659	0	0.667347	0.584726	1.10262	0.523258	0.722449	0.637232	0.416569	0.396942	0.671429	0.644391	-0.398177	0.0558778	0.497959	0.661098	-1.31533	0.126676	0.497959	0.661098	-1.35685	0.130675	0.108163	0.477327	-2.95367	-1.39252	0.0244898	0.484487	-0.628954	0.0538193	0	0.486874	-0.192308	0.0187412	
2	0.943925	0.0782609	-0.50203	2.1409	0.942056	0.104348	-0.129893	1.81285	0.981308	0.101449	2.9622	-0.218741	0.983178	0.0956522	0.0636633	-0.197449	0.983178	0.0927536	0	-0.0216499	0.97757	0.121739	-0.0397953	0.205705	0.949533	0.304348	-0.209314	1.36327	0.878505	0.643478	-0.549663	2.62442	0.672897	0.988406	-1.56132	2.61928	0.672897	0.988406	-1.5403	2.58402	0.568224	1	-0.829448	0.0918746	0.568224	1	-0.787056	0.0871791	0.568224	1	-0.823268	0.0911902	0.568224	1	-0.79061	0.0875728	0.0224299	0.252174	-4.26262	-5.84048	0	0.13913	-0.169467	-0.854087	0.00934579	0.0869565	0.0730488	-0.407803	0.035514	0.0637681	0.197899	-0.175364	0.0803738	0.0347826	0.340218	-0.219827	0.0803738	0.0347826	0.350043	-0.226175	0.639252	0	4.27378	-0.265985	0.848598	0.0376812	1.63006	0.293403	0.958879	0.104348	0.835444	0.505042	0.996262	0.133333	0.292321	0.226655	1	0.136232	0.0284503	0.0220593	0.994393	0.127536	-0.0433375	-0.0672045	0.990654	0.127536	-0.0286749	0	0.988785	0.121739	-0.0141967	-0.0440302	0.988785	0.121739	0	0	0.988785	0.118841	0	-0.0219454	
1	0.958963	0.84434	-0.284578	0.310754	0.958963	0.875	0	2.19317	0.99568	0.891509	2.57753	1.15896	0.991361	0.896226	-0.156045	0.170398	1	0.882075	0.0586496	-0.0960664	0.956803	0.903302	-0.381264	0.18735	0.781857	0.945755	-1.26618	0.307253	0.781857	0.945755	-1.25001	0.30333	0.231102	0.768868	-4.28537	-1.37634	0.0993521	0.625	-0.967905	-1.05693	0.0388769	0.426887	-0.471461	-1.54448	0.0669546	0.226415	0.21409	-1.52858	0.159827	0.0825472	0.726327	-1.12515	0.315335	0	1.16886	-0.620459	0.529158	0.0235849	1.69992	0.187503	0.714903	0.122642	1.42388	0.759345	0.850972	0.332547	1.10718	1.70798	0.868251	0.551887	0.133653	1.69662	0.777538	0.745283	-0.656221	1.39904	0.600432	0.910377	-1.36424	1.27172	0.354212	1	-1.83888	0.66934	0.203024	0.990566	-1.17597	-0.073379	0.0583153	0.950472	-1.23556	-0.342335	0	0.926887	-0.415206	-0.167925	0.00215983	0.90566	0.0161223	-0.158447	0.00647948	0.884434	0.0326793	-0.160583	0.012959	0.896226	0.0506855	0.092246	0.00863931	0.898585	-0.0323572	0.0176667	0.00431965	0.865566	-0.033963	-0.259609	0.0107991	0.893868	0.0490758	0.214359	
1	0.972332	0.89433	-0.484741	0.993398	0.982213	0.886598	0.39134	-0.306214	1	0.863402	0.800763	-1.04429	0.996047	0.865979	-0.190459	0.124191	0.998024	0.868557	0.0163483	0.0213202	0.952569	0.904639	-0.342366	0.271775	0.810277	0.953608	-1.09746	0.377684	0.604743	0.904639	-1.57923	-0.376257	0.409091	0.780928	-1.49661	-0.946311	0.278656	0.657216	-0.988832	-0.937861	0.22332	0.476804	-0.432799	-1.41106	0.227273	0.291237	0.0299875	-1.40787	0.258893	0.152062	0.239403	-1.05371	0.335968	0.0412371	0.603138	-0.86724	0.438735	0	0.770113	-0.309022	0.575099	0.0412371	1.07391	0.324755	0.695652	0.149485	0.914732	0.821357	0.76087	0.319588	0.510751	1.33217	0.772727	0.530928	0.100568	1.79243	0.63834	0.706186	-1.03773	1.35332	0.456522	0.858247	-1.43575	1.20078	0.298419	0.904639	-1.11226	0.326369	0.136364	0.956186	-1.20081	0.381953	0.0395257	0.987113	-0.740573	0.236522	0.00197628	1	-0.288828	0.099123	0	0.940722	-0.0149196	-0.447512	0.00395257	0.989691	0.0309166	0.383032	0.00592885	0.984536	0.0149469	-0.0389853	0.00197628	0.958763	-0.0299487	-0.195284	0	0.935567	-0.015331	-0.179941	
2	0.950276	0.168646	2.66261	1.52631	1	0.171021	3.0522	0.145803	0.990792	0.0593824	-0.650611	-7.888	0.992634	0.0570071	0.0668853	-0.0862677	0.992634	0.0570071	0	0	0.994475	0.0617577	0.0152231	0.0392692	0.990792	0.130641	-0.0262762	0.491415	0.961326	0.306413	-0.221204	1.31954	0.847145	0.472684	-0.874436	1.27336	0.655617	0.764846	-1.43832	2.19405	0.508287	0.921615	-1.16662	1.24137	0.381215	1	-0.953514	0.588179	0.346225	0.980998	-0.269433	-0.146321	0.296501	0.87886	-0.380783	-0.782169	0.21547	0.68171	-0.613985	-1.49383	0.117864	0.375297	-0.761113	-2.38935	0.0644567	0.159145	-0.406141	-1.64376	0.0257827	0.064133	-0.301992	-0.741914	0.0128913	0.0285036	-0.0982325	-0.271498	0.00736648	0.0190024	-0.0431914	-0.0742769	0.00368324	0.0213777	-0.0277436	0.0178917	0.00368324	0.0190024	0	-0.0185509	0.00552486	0.0190024	0.013954	0	0.00552486	0.0118765	0	-0.0541559	0.00184162	0.0166271	-0.0288165	0.0371672	0.00184162	0.0118765	0	-0.035733	0	0.00712589	-0.0143689	-0.0370656	0	0.00475059	0	-0.0206492	0	0	0	-0.0370308	0	0	0	0	
6	0.928155	0.00177305	0	0	0.883495	0.00531915	-0.000253293	-0.142857	0.532039	0.00531915	0	0	0.240777	0	0.000409165	0.230769	0.0466019	0.0195035	-0.00150027	-0.846154	0	0.0531915	-0.00259138	-1.46154	0.104854	0.117021	-0.00638298	-3.6	0.273786	0.179078	-0.0047736	-2.69231	0.532039	0.223404	-0.00369385	-2.08333	0.831068	0.308511	-0.0070922	-4	0.897087	0.363475	-0.00458038	-2.58333	0.819417	0.386525	-0.00209542	-1.18182	0.61165	0.402482	-0.0012275	-0.692308	0.374757	0.427305	-0.00248227	-1.4	0.192233	0.468085	-0.00313693	-1.76923	0.112621	0.537234	-0.00864362	-4.875	0.147573	0.597518	-0.00669819	-3.77778	0.260194	0.643617	-0.0035461	-2	0.450485	0.673759	-0.00334909	-1.88889	0.695146	0.712766	-0.00390071	-2.2	0.817476	0.780142	-0.00748621	-4.22222	0.757282	0.806738	-0.00221631	-1.25	0.537864	0.794326	0.000886525	0.5	0.302913	0.801418	-0.000886525	-0.5	0.153398	0.817376	-0.0012275	-0.692308	0.0873786	0.840426	-0.00288121	-1.625	0.0970874	0.87766	-0.00177305	-1	0.207767	0.914894	-0.00413712	-2.33333	0.471845	0.960993	-0.00460993	-2.6	1	1	-0.00243794	-1.375	
6	0.986301	0.0615385	0	0	0.978082	0.0646154	-0.00021978	-0.0714286	0.915068	0.0430769	0.00179487	0.583333	0.657534	0.0123077	0.0025641	0.833333	0.353425	0	0.00102564	0.333333	0.10411	0.0184615	-0.00153846	-0.5	0	0.0246154	-0.000512821	-0.166667	0.0410959	0.0492308	-0.00205128	-0.666667	0.183562	0.0553846	-0.00043956	-0.142857	0.364384	0.0830769	-0.00251748	-0.818182	0.553425	0.123077	-0.00307692	-1	0.720548	0.163077	-0.004	-1.3	0.852055	0.224615	-0.00559441	-1.81818	0.860274	0.28	-0.00553846	-1.8	0.712329	0.304615	-0.00246154	-0.8	0.463014	0.316923	-0.00102564	-0.333333	0.210959	0.375385	-0.00417582	-1.35714	0.0657534	0.455385	-0.00727273	-2.36364	0.0630137	0.535385	-0.00571429	-1.85714	0.167123	0.609231	-0.00923077	-3	0.380822	0.655385	-0.0035503	-1.15385	0.679452	0.701538	-0.00512821	-1.66667	0.917808	0.76	-0.00487179	-1.58333	1	0.815385	-0.00426036	-1.38462	0.884932	0.830769	-0.00118343	-0.384615	0.608219	0.8	0.0025641	0.833333	0.364384	0.803077	-0.00025641	-0.0833333	0.194521	0.852308	-0.00410256	-1.33333	0.134247	0.92	-0.00676923	-2.2	0.183562	1	-0.00888889	-2.88889	
1	1	0.869779	-0.395343	0.650163	0.982072	0.906634	-1.22856	2.52555	0.964143	0.943489	-1.31055	2.69409	0.956175	0.953317	-0.280124	0.345509	0.97012	0.943489	0.104635	-0.0737473	0.870518	0.928747	-0.753837	-0.111575	0.870518	0.928747	-0.705284	-0.104389	0.306773	0.931204	-4.27579	0.0186354	0.157371	0.800983	-1.15111	-1.00332	0.0219124	0.63145	-1.03574	-1.29628	0	0.44226	-0.168829	-1.45766	0.0298805	0.243243	0.226625	-1.50942	0.115538	0.0859951	0.662998	-1.21712	0.249004	0	1.01598	-0.654617	0.430279	0.029484	1.37797	0.224125	0.59761	0.144963	1.30902	0.903387	0.695219	0.292383	0.72805	1.09958	0.729084	0.481572	0.264255	1.4763	0.659363	0.670762	-0.528499	1.43409	0.48008	0.832924	-1.40116	1.26736	0.336653	0.928747	-1.11738	0.746524	0.229084	0.970516	-0.818015	0.317633	0.133466	0.982801	-0.726406	0.0933292	0.0697211	0.97543	-0.487254	-0.0563425	0.0398406	1	-0.23532	0.193498	0.0378486	0.982801	-0.0150381	-0.129837	0.0358566	1	-0.0153205	0.132276	0.0258964	0.980344	-0.0753364	-0.148674	0.0239044	0.992629	-0.0155592	0.0959548	0.0219124	0.992629	-0.0151192	0	
5	1	0.773946	0	0	0.99095	0.704981	0.00766284	2	0.954751	0.478927	0.0251171	6.55556	0.848416	0.168582	0.0344828	9	0.771493	0.10728	0.00766284	2	0.676471	0.344828	-0.0263942	-6.88889	0.656109	0.574713	-0.0176835	-4.61538	0.656109	0.819923	-0.0245211	-6.4	0.653846	0.904215	-0.00842912	-2.2	0.651584	0.881226	0.00176835	0.461538	0.649321	0.739464	0.0118135	3.08333	0.647059	0.40613	0.025641	6.69231	0.608597	0.176245	0.0164204	4.28571	0.504525	0.0804598	0.00736811	1.92308	0.409502	0.252874	-0.0191571	-5	0.368778	0.555556	-0.0336313	-8.77778	0.366516	0.747126	-0.0191571	-5	0.373303	0.954023	-0.0295567	-7.71429	0.377828	1	-0.00383142	-1	0.346154	0.800766	0.0199234	5.2	0.273756	0.279693	0.0400825	10.4615	0.244344	0.137931	0.00945083	2.46667	0.144796	0	0.00985222	2.57143	0.0497738	0.153257	-0.011789	-3.07692	0	0.448276	-0.0295019	-7.7	0.0113122	0.812261	-0.0279988	-7.30769	0.020362	0.915709	-0.0103448	-2.7	0.0248869	0.94636	-0.0034057	-0.888889	0.0475113	0.904215	0.00324197	0.846154	0.0542986	0.900383	0.000319285	0.0833333	
5	0.988581	0.883929	0	0	0.986949	0.880952	0.000248016	0.0833333	1	0.782738	0.0109127	3.66667	0.97553	0.502976	0.0349702	11.75	0.908646	0.255952	0.0176446	5.92857	0.849918	0.184524	0.00549451	1.84615	0.781403	0.306548	-0.00871599	-2.92857	0.724307	0.491071	-0.0184524	-6.2	0.696574	0.633929	-0.0102041	-3.42857	0.676998	0.863095	-0.0190972	-6.41667	0.663948	0.952381	-0.0111607	-3.75	0.660685	0.940476	0.00132275	0.444444	0.644372	0.672619	0.0206044	6.92308	0.644372	0.672619	0	0	0.585644	0.404762	0.0243506	8.18182	0.515498	0.238095	0.0208333	7	0.425775	0.261905	-0.00297619	-1	0.365416	0.440476	-0.0178571	-6	0.336052	0.708333	-0.0267857	-9	0.324633	0.872024	-0.0125916	-4.23077	0.318108	1	-0.015997	-5.375	0.313214	0.979167	0.00231481	0.777778	0.301794	0.815476	0.0136409	4.58333	0.282219	0.497024	0.0318452	10.7	0.256117	0.175595	0.0292208	9.81818	0.195759	0	0.0219494	7.375	0.107667	0.0208333	-0.00260417	-0.875	0.0212072	0.229167	-0.0160256	-5.38462	0.00815661	0.559524	-0.0367063	-12.3333	0	0.809524	-0.0208333	-7	
4	0.892779	0.715026	2.70586	-0.582467	0.940919	0.707254	3.34306	-0.539723	0.997812	0.727979	3.97796	1.44912	1	0.727979	0.0850736	0	1	0.735751	0	0.0530517	0.962801	0.759067	-0.331033	0.207488	0.833698	0.764249	-0.881513	0.0353782	0.595186	0.525907	-1.80603	-1.80474	0.498906	0.287565	-0.729234	-1.80522	0.52954	0.101036	0.239105	-1.45587	0.619256	0	0.67882	-0.764476	0.750547	0.00259067	0.995482	0.0196431	0.750547	0.00259067	1.02617	0.0202486	0.958425	0.455959	1.57705	3.43945	0.916849	0.779793	-0.324264	2.52571	0.820569	1	-0.729864	1.66931	0.66302	0.917098	-1.22864	-0.646503	0.66302	0.917098	-1.1933	-0.627908	0.315098	0.670984	-2.72646	-1.92866	0.354486	0.512953	0.29819	-1.19641	0.492341	0.476684	1.04355	-0.274554	0.619256	0.520725	0.990917	0.343864	0.649891	0.562176	0.232517	0.314612	0.612691	0.582902	-0.290326	0.161754	0.47046	0.533679	-1.07603	-0.372386	0.47046	0.533679	-1.0987	-0.380231	0.0940919	0.453368	-2.88805	-0.616263	0.00656455	0.443005	-0.683114	-0.0808764	0	0.443005	-0.0497763	0	0.0131291	0.445596	0.0993124	0.0195966	
5	1	0.991379	0	0	1	0.99569	-0.000331565	-0.0769231	0.99004	0.862069	0.0148467	3.44444	0.956175	0.543103	0.0354406	8.22222	0.866534	0.172414	0.0308908	7.16667	0.770916	0.0732759	0.0066092	1.53333	0.701195	0.150862	-0.00862069	-2	0.609562	0.426724	-0.0183908	-4.26667	0.555777	0.702586	-0.0197044	-4.57143	0.555777	0.866379	-0.0125995	-2.92308	0.549801	0.866379	0	0	0.541833	0.793103	0.00814176	1.88889	0.537849	0.689655	0.0114943	2.66667	0.537849	0.435345	0.0282567	6.55556	0.525896	0.133621	0.0301724	7	0.48008	0	0.0111351	2.58333	0.404382	0.0905172	-0.0075431	-1.75	0.338645	0.280172	-0.0158046	-3.66667	0.298805	0.435345	-0.0172414	-4	0.249004	0.698276	-0.0202255	-4.69231	0.233068	0.866379	-0.0140086	-3.25	0.2251	1	-0.0102785	-2.38462	0.221116	0.965517	0.00344828	0.8	0.2251	0.896552	0.00492611	1.14286	0.229084	0.698276	0.016523	3.83333	0.2251	0.461207	0.0182361	4.23077	0.197211	0.228448	0.0166256	3.85714	0.167331	0.0991379	0.0107759	2.5	0.0956175	0.0474138	0.00397878	0.923077	0	0.219828	-0.0123153	-2.85714	
4	0.862423	0.698765	2.67129	1.01436	0.911704	0.703704	3.47466	0.348181	0.995893	0.701235	6.1362	-0.179966	1	0.703704	0.122346	0.0735585	0.995893	0.698765	-0.0316239	-0.0380268	0.991786	0.708642	-0.0283558	0.068194	0.946612	0.748148	-0.351299	0.307219	0.792608	0.730864	-1.15413	-0.129529	0.661191	0.585185	-1.02014	-1.13086	0.570842	0.251852	-0.679525	-2.50704	0.581109	0.0814815	0.0780145	-1.29458	0.663244	0	0.637432	-0.632356	0.761807	0.0740741	0.751548	0.564821	0.761807	0.0740741	0.766899	0.576358	0.932238	0.538272	1.29704	3.53271	0.882957	0.812346	-0.383101	2.13058	0.825462	1	-0.436748	1.42548	0.718686	0.967901	-0.832667	-0.250314	0.718686	0.967901	-0.804716	-0.241912	0.429158	0.767901	-2.20381	-1.52235	0.453799	0.624691	0.192439	-1.11844	0.595483	0.582716	1.07296	-0.317874	0.689938	0.604938	0.737677	0.17355	0.675565	0.62716	-0.110366	0.170629	0.537988	0.595062	-1.07911	-0.251773	0.273101	0.491358	-1.96869	-0.770746	0.104723	0.479012	-1.30598	-0.0957564	0.00205339	0.511111	-0.782815	0.244741	0	0.501235	-0.0156022	-0.0750446	0.0225873	0.493827	0.176076	-0.0577436	
5	0.990453	0.83612	0	0	0.99284	0.839465	-0.000257268	-0.0769231	1	0.779264	0.00430005	1.28571	0.926014	0.598662	0.0164184	4.90909	0.878282	0.451505	0.0163508	4.88889	0.797136	0.284281	0.020903	6.25	0.687351	0.234114	0.0062709	1.875	0.625298	0.280936	-0.00468227	-1.4	0.563246	0.438127	-0.0196488	-5.875	0.536993	0.622074	-0.0183946	-5.5	0.534606	0.732441	-0.0110368	-3.3	0.527446	0.779264	-0.00468227	-1.4	0.52506	0.688963	0.0090301	2.7	0.515513	0.551839	0.015236	4.55556	0.479714	0.240803	0.0282761	8.45455	0.410501	0.0936455	0.0113198	3.38462	0.334129	0.197324	-0.0103679	-3.1	0.250597	0.518395	-0.032107	-9.6	0.236277	0.802676	-0.0236901	-7.08333	0.238663	0.87291	-0.00585284	-1.75	0.24105	0.829431	0.00395257	1.18182	0.224344	0.665552	0.0182088	5.44444	0.22673	0.474916	0.0211817	6.33333	0.229117	0.170569	0.0253623	7.58333	0.202864	0	0.0155062	4.63636	0.116945	0.12709	-0.0105909	-3.16667	0.0405728	0.434783	-0.0307692	-9.2	0	0.752508	-0.0317726	-9.5	0.00238663	0.959866	-0.0230398	-6.88889	0.0214797	1	-0.00445931	-1.33333	
2	1	0.201754	-1.57023	0.173035	0.976783	0.181287	-1.67067	-1.47283	0.943615	0.0994152	-2.47429	-6.10759	0.945274	0.105263	0.0699525	0.246675	0.946932	0.105263	0.0114328	0	0.943615	0.111111	-0.0284304	0.0501273	0.910448	0.24269	-0.236252	0.937238	0.787728	0.494152	-0.914427	1.87373	0.787728	0.494152	-0.918966	1.88303	0.787728	0.494152	-0.96058	1.9683	0.25539	1	-4.03482	3.83404	0.179104	0.865497	-0.576264	-1.01604	0.0729685	0.45614	-0.816544	-3.14933	0.0215589	0.239766	-0.394718	-1.6613	0	0.0964912	-0.168352	-1.11883	0.00331675	0.0321637	0.025069	-0.486206	0.053068	0	0.389	-0.251485	0.053068	0	0.377106	-0.243796	0.053068	0	0.390203	-0.252263	0.053068	0	0.376693	-0.243528	0.935323	0.137427	6.66517	1.03822	0.968491	0.163743	0.258586	0.205167	0.973466	0.169591	0.0377211	0.0443389	0.970149	0.166667	-0.0259275	-0.0228571	0.965174	0.163743	-0.0375043	-0.022042	0.963516	0.157895	-0.0129633	-0.0457128	0.961857	0.154971	-0.01259	-0.0221981	0.961857	0.152047	0	-0.0228471	0.963516	0.152047	0.0125761	0	0.965174	0.154971	0.0125558	0.0221379	
1	0.964567	0.789256	1.11531	0	0.964567	0.795455	0	0.401367	0.994094	0.789256	2.08056	-0.436746	0.994094	0.789256	0	0	1	0.793388	0.0458617	0.0320905	0.974409	0.818182	-0.184584	0.178834	0.822835	0.915289	-1.11862	0.716649	0.822835	0.915289	-1.14619	0.734316	0.301181	0.894628	-3.91708	-0.155144	0.120079	0.793388	-1.42288	-0.795415	0.015748	0.61157	-0.779525	-1.35849	0	0.396694	-0.123205	-1.68108	0.0374016	0.202479	0.282848	-1.46874	0.151575	0.053719	0.892347	-1.16267	0.330709	0	1.35582	-0.406586	0.523622	0.0826446	1.50909	0.646499	0.690945	0.22314	1.26827	1.06493	0.783465	0.38843	0.701343	1.25297	0.783465	0.38843	0.721041	1.28816	0.661417	0.822314	-0.926248	3.29286	0.525591	0.942149	-1.0562	0.931848	0.346457	0.981405	-1.36068	0.298186	0.230315	1	-0.907974	0.145373	0.133858	0.993802	-0.727168	-0.0467281	0.11811	0.971074	-0.119163	-0.171973	0.112205	0.96281	-0.0459158	-0.0642568	0.112205	0.958678	0	-0.0312617	0.110236	0.96281	-0.015418	0.032365	0.108268	0.960744	-0.0148821	-0.0156201	0.108268	0.956612	0	-0.0323263	
2	0.935345	0.16875	0.964231	1.08744	0.948276	0.19375	0.779969	1.50794	0.997845	0.146875	3.21395	-3.03928	0.997845	0.146875	0	0	1	0.146875	0.0150854	0	0.993534	0.175	-0.0550327	0.239392	0.954741	0.31875	-0.265741	0.984718	0.877155	0.496875	-0.605097	1.3892	0.747845	0.74375	-0.953222	1.81986	0.616379	0.93125	-0.998212	1.42368	0.536638	1	-0.629148	0.542428	0.459052	0.93125	-0.580831	-0.514681	0.243534	0.81875	-1.93123	-1.0081	0.103448	0.44375	-1.06311	-2.84587	0.0258621	0.2375	-0.551826	-1.46694	0	0.13125	-0.195867	-0.804686	0.0409483	0.08125	0.321412	-0.392461	0.157328	0.05	0.866324	-0.232624	0.368534	0.034375	1.59112	-0.11771	0.637931	0	2.13509	-0.272437	0.853448	0.159375	1.61849	1.19688	0.918103	0.18125	0.501829	0.169786	0.935345	0.1875	0.13046	0.0472919	0.939655	0.19375	0.0336079	0.0487314	0.939655	0.190625	0	-0.0237001	0.939655	0.1875	0	-0.0244181	0.94181	0.190625	0.0163424	0.0236965	0.94181	0.19375	0	0.023654	0.943966	0.19375	0.0166298	0	0.948276	0.196875	0.0334529	0.0242534	
1	0.968958	0.93617	-0.405653	2.78039	0.966741	0.93617	-0.14999	0	0.991131	0.945289	1.32412	0.495035	1	0.927052	0.365527	-0.751608	0.995565	0.930091	-0.03425	0.0234753	0.984479	0.924012	-0.0780831	-0.0428152	0.89357	0.969605	-0.670461	0.336249	0.72949	1	-1.27603	0.23638	0.536585	0.884498	-1.46485	-0.877079	0.2949	0.717325	-1.89917	-1.31366	0.192905	0.537994	-0.766423	-1.34755	0.144124	0.349544	-0.369793	-1.42859	0.168514	0.155015	0.191461	-1.52703	0.266075	0.0303951	0.740838	-0.946314	0.421286	0	1.20381	-0.235744	0.583149	0.0455927	1.219	0.343363	0.7051	0.139818	0.954317	0.737348	0.778271	0.322188	0.554916	1.38307	0.742794	0.559271	-0.274244	1.8327	0.611973	0.717325	-1.00165	1.21017	0.456763	0.817629	-1.18279	0.764371	0.248337	0.854103	-1.89076	0.330879	0.0776053	0.844985	-1.28258	-0.0685007	0	0.854103	-0.548436	0.0644407	0	0.817629	0	-0.266868	0.0110865	0.823708	0.087097	0.0477577	0.00665188	0.799392	-0.0333408	-0.182817	0.0155211	0.802432	0.0701559	0.0240428	0.00665188	0.799392	-0.0670789	-0.0229883	0.00886918	0.81155	0.0167856	0.0920402	
4	0.930348	0.511579	2.75587	1.06015	0.982587	0.532632	3.01786	1.21622	1	0.614737	1.33217	6.28145	1	0.612632	0	-0.0826179	0.995025	0.614737	-0.0374599	0.0158515	0.950249	0.627368	-0.329544	0.092966	0.771144	0.616842	-1.29526	-0.076125	0.532338	0.44	-1.78315	-1.32047	0.402985	0.267368	-1.0144	-1.35379	0.415423	0.113684	0.0937733	-1.15868	0.512438	0.0105263	0.756746	-0.804663	0.609453	0	0.734093	-0.0796506	0.609453	0	0.760294	-0.0824934	0.905473	0.387368	2.24732	2.94082	0.840796	0.572632	-0.498221	1.42713	0.738806	0.871579	-0.895861	2.6259	0.60199	1	-1.0253	0.962388	0.432836	0.943158	-1.23243	-0.414144	0.211443	0.938947	-1.59008	-0.0302406	0.216418	0.671579	0.0390405	-2.09808	0.430348	0.606316	1.62334	-0.495228	0.594527	0.541053	1.26326	-0.502159	0.748756	0.608421	1.19239	0.520847	0.813433	0.64	0.497769	0.24304	0.751244	0.621053	-0.471243	-0.143575	0.539801	0.52	-1.61177	-0.770295	0.261194	0.465263	-2.15303	-0.422998	0.0920398	0.406316	-1.29328	-0.450685	0.0273632	0.349474	-0.4978	-0.437499	0	0.32	-0.209771	-0.225951	
4	0.900744	0.667453	0.973479	0.57829	0.908189	0.674528	0.412944	0.392492	0.992556	0.707547	5.1297	2.00761	0.992556	0.705189	0	-0.115334	0.98263	0.709906	-0.075326	0.0357976	0.861042	0.67217	-0.884317	-0.274455	0.861042	0.67217	-0.87602	-0.27188	0.531017	0.212264	-2.51407	-3.50349	0.575682	0.0448113	0.344379	-1.29111	0.727047	0	1.14154	-0.337951	0.816377	0.0377358	0.699579	0.295525	0.816377	0.0377358	0.676066	0.285592	1	0.450472	1.44316	3.24384	0.930521	0.754717	-0.529004	2.31649	0.870968	0.995283	-0.464147	1.87492	0.736973	0.995283	-1.00761	0	0.419355	1	-2.41829	0.0359143	0.334988	0.834906	-0.659099	-1.28976	0.414392	0.660377	0.61274	-1.34678	0.612903	0.648585	1.53273	-0.0910509	0.808933	0.662736	1.46868	0.106021	0.791563	0.686321	-0.136155	0.184874	0.791563	0.686321	-0.13416	0.182165	0.791563	0.686321	-0.134003	0.181951	0.0719603	0.59434	-5.40982	-0.691494	0.0124069	0.587264	-0.45306	-0.0538275	0.00496278	0.584906	-0.0581513	-0.0184237	0.00744417	0.584906	0.0187879	0	0.00496278	0.582547	-0.0191917	-0.0182412	0	0.57783	-0.0376833	-0.0358169	
6	0.134039	0.0706861	0	0	0.109347	0.0644491	0.000366883	0.176471	0.0987654	0.035343	0.00223893	1.07692	0.285714	0.037422	-0.000259875	-0.125	0.61552	0.160083	-0.00766632	-3.6875	0.693122	0	0.0133403	6.41667	0.804233	0.00623701	-0.000693001	-0.333333	0.84127	0.0977131	-0.00609841	-2.93333	0.719577	0.174636	-0.00961538	-4.625	0.77425	0.463617	-0.0240818	-11.5833	0.273369	0.37422	0.00812701	3.90909	0.0917108	0.31185	0.004158	2	0	0.309771	0.00017325	0.0833333	0.0299824	0.351351	-0.004158	-2	0.178131	0.434511	-0.00831601	-4	0.432099	0.567568	-0.011088	-5.33333	1	0.711019	-0.020493	-9.85714	0.813051	0.602911	0.012012	5.77778	0.92769	0.623701	-0.0017325	-0.833333	0.91358	0.665281	-0.002772	-1.33333	0.747795	0.68815	-0.0022869	-1.1	0.532628	0.683992	0.000297	0.142857	0.22575	0.642412	0.00297	1.42857	0.0881834	0.602911	0.0028215	1.35714	0.100529	0.617464	-0.000970201	-0.466667	0.128748	0.694387	-0.00854701	-4.11111	0.0846561	0.800416	-0.011781	-5.66667	0.181658	0.925156	-0.012474	-6	0.354497	0.989605	-0.00495762	-2.38462	0.738977	1	-0.000799616	-0.384615	
1	0.987315	0.874016	1.21405	-0.125601	0.980973	0.87664	-0.378498	0.156631	1	0.986877	1.29597	7.50823	0.991543	1	-0.407451	0.632297	0.993658	0.989501	0.0148904	-0.0739439	0.97463	0.989501	-0.160927	0	0.826638	0.986877	-1.0333	-0.0183259	0.615222	0.908136	-1.61487	-0.601442	0.43129	0.7979	-1.39467	-0.83587	0.287526	0.645669	-1.09632	-1.1609	0.255814	0.446194	-0.240722	-1.51417	0.272727	0.275591	0.13126	-1.32402	0.315011	0.136483	0.321451	-1.05754	0.41649	0.023622	0.794656	-0.883777	0.572939	0	1.18484	-0.178898	0.712474	0.015748	1.06222	0.119884	0.830867	0.0971129	0.924104	0.635083	0.926004	0.223097	0.704967	0.933542	0.945032	0.388451	0.150475	1.30767	0.896406	0.585302	-0.377146	1.52679	0.792812	0.745407	-0.801736	1.23909	0.613108	0.860892	-1.35756	0.872425	0.386892	0.955381	-1.80315	0.753159	0.2537	0.91601	-1.0107	-0.298751	0.107822	0.950131	-1.1009	0.257501	0.00845666	0.96063	-0.779493	0.0823589	0	0.976378	-0.0639904	0.119163	0.00634249	0.944882	0.04849	-0.240796	0.0274841	0.952756	0.159198	0.0592919	0.0338266	0.934383	0.049685	-0.143926	
4	0.9475	0.689412	2.94301	0.488804	0.9725	0.696471	1.80571	0.509848	1	0.68	2.03614	-1.21951	0.99	0.684706	-0.287687	0.135382	0.9725	0.694118	-0.120554	0.0648358	0.875	0.717647	-0.722709	0.174409	0.665	0.658824	-1.61815	-0.453263	0.665	0.658824	-1.6063	-0.449945	0.4575	0.249412	-1.62211	-3.20053	0.48	0.0941176	0.170331	-1.17562	0.57	0	0.702477	-0.734617	0.6975	0.0352941	0.935195	0.258878	0.6975	0.0352941	1.00372	0.277845	0.9075	0.461176	1.6377	3.32127	0.8275	0.672941	-0.609078	1.61227	0.74	0.891765	-0.66317	1.65848	0.5825	0.941176	-1.19942	0.37629	0.3975	1	-1.45098	0.461362	0.27	0.767059	-0.965571	-1.76409	0.275	0.632941	0.0390485	-1.04742	0.4075	0.567059	1.00297	-0.498704	0.575	0.588235	1.30936	0.165538	0.6775	0.625882	0.776674	0.285263	0.6725	0.642353	-0.0390634	0.12868	0.53	0.607059	-1.0812	-0.267789	0.53	0.607059	-1.07879	-0.267192	0.045	0.449412	-3.80551	-1.23696	0	0.395294	-0.341191	-0.410321	0.0025	0.381176	0.0191269	-0.108011	0.005	0.378824	0.0196198	-0.0184657	
5	0.996212	1	0	0	0.996212	0.991597	0.000840336	0.2	1	0.920168	0.00549451	1.30769	0.952652	0.689076	0.0177763	4.23077	0.876894	0.432773	0.0233002	5.54545	0.80303	0.264706	0.0129282	3.07692	0.708333	0.315126	-0.00504202	-1.2	0.636364	0.47479	-0.0133053	-3.16667	0.609848	0.605042	-0.0118411	-2.81818	0.594697	0.777311	-0.0143557	-3.41667	0.596591	0.87395	-0.00743374	-1.76923	0.596591	0.903361	-0.00367647	-0.875	0.589015	0.894958	0.000840336	0.2	0.579545	0.794118	0.0112045	2.66667	0.568182	0.596639	0.0141056	3.35714	0.558712	0.436975	0.0122818	2.92308	0.511364	0.264706	0.019141	4.55556	0.448864	0.277311	-0.0012605	-0.3	0.403409	0.445378	-0.0210084	-5	0.410985	0.57563	-0.0130252	-3.1	0.407197	0.726891	-0.0108043	-2.57143	0.399621	0.848739	-0.017407	-4.14286	0.390152	0.869748	-0.00210084	-0.5	0.373106	0.760504	0.0121382	2.88889	0.320076	0.394958	0.0261104	6.21429	0.231061	0	0.0303814	7.23077	0.132576	0.00840336	-0.00060024	-0.142857	0.0492424	0.357143	-0.0232493	-5.53333	0.00757576	0.647059	-0.0207083	-4.92857	0	0.962185	-0.022509	-5.35714	
2	1	0.109948	-0.625873	0.419901	0.986622	0.109948	-0.817124	0	0.961538	0.0837696	-1.69129	-1.76508	0.961538	0.0863874	0	0.101571	0.959866	0.0837696	-0.0130511	-0.0204308	0.958194	0.0890052	-0.0120107	0.0376043	0.948161	0.151832	-0.0734814	0.460124	0.897993	0.329843	-0.374502	1.32886	0.784281	0.531414	-0.896694	1.58951	0.784281	0.531414	-0.852729	1.51158	0.454849	0.947644	-2.50047	3.15929	0.362876	1	-0.716676	0.40797	0.249164	0.929319	-0.861059	-0.535212	0.117057	0.659686	-1.05619	-2.15571	0.0367893	0.316754	-0.59975	-2.56235	0	0.162304	-0.287973	-1.20898	0.00334448	0.0837696	0.0253331	-0.594864	0.0936455	0	0.704377	-0.65343	0.0936455	0	0.684125	-0.634643	0.598662	0.091623	3.83695	0.696122	0.754181	0.0706806	1.21089	-0.163061	0.846154	0.117801	0.695513	0.356331	0.879599	0.136126	0.261406	0.143226	0.88796	0.136126	0.0633151	0	0.894649	0.136126	0.0519968	0	0.896321	0.138743	0.0127229	0.0199171	0.899666	0.141361	0.0261086	0.0204358	0.90301	0.146597	0.0253333	0.0396579	0.906355	0.149215	0.0253445	0.0198377	0.908027	0.149215	0.013066	0	
2	0.888889	0.110236	1.16488	-0.406404	0.904514	0.131234	1.01944	1.36996	0.869792	0.191601	-2.36752	4.11613	0.871528	0.191601	0.0585573	0	0.871528	0.191601	0	0	0.862847	0.209974	-0.061775	0.130749	0.800347	0.317585	-0.471044	0.811036	0.649306	0.433071	-1.13705	0.869384	0.512153	0.524934	-1.02432	0.686082	0.512153	0.524934	-1.03684	0.694467	0.0989583	0.973753	-3.24041	3.51979	0.0121528	1	-0.676963	0.204688	0	0.908136	-0.0908768	-0.686943	0.0902778	0.695538	0.704738	-1.65961	0.315972	0.317585	1.70806	-2.86035	0.527778	0.110236	1.65482	-1.62	0.671875	0	1.09079	-0.834466	0.671875	0	1.09008	-0.833923	0.815972	0.0524934	1.13011	0.411691	0.814236	0.0682415	-0.0131241	0.119047	0.881944	0.146982	0.528414	0.61451	0.954861	0.233596	0.553464	0.657433	0.994792	0.278215	0.310295	0.346731	1	0.307087	0.0395959	0.219492	0.998264	0.314961	-0.0135634	0.0615157	0.996528	0.317585	-0.0131498	0.01988	0.993056	0.32021	-0.0262205	0.0198202	0.989583	0.312336	-0.027196	-0.0616728	0.980903	0.307087	-0.0658571	-0.0398254	0.967014	0.293963	-0.110147	-0.104076	
5	0.990991	0.952381	0	0	0.992793	0.936508	0.001221	0.307692	1	0.857143	0.00881834	2.22222	0.967568	0.599206	0.0234488	5.90909	0.90991	0.333333	0.0221561	5.58333	0.837838	0.198413	0.0134921	3.4	0.751351	0.277778	-0.00793651	-2	0.682883	0.503968	-0.0251323	-6.33333	0.652252	0.738095	-0.0212843	-5.36364	0.652252	0.853175	-0.00885226	-2.23077	0.655856	0.93254	-0.00566893	-1.42857	0.663063	0.873016	0.00541126	1.36364	0.65045	0.650794	0.017094	4.30769	0.632432	0.34127	0.0221088	5.57143	0.581982	0.134921	0.0257937	6.5	0.518919	0.15873	-0.0026455	-0.666667	0.457658	0.345238	-0.0143468	-3.61538	0.428829	0.515873	-0.0142196	-3.58333	0.4	0.757937	-0.0268959	-6.77778	0.396396	0.912698	-0.0140693	-3.54545	0.4	0.980159	-0.00518926	-1.30769	0.381982	1	-0.00248016	-0.625	0.353153	0.813492	0.0186508	4.7	0.300901	0.369048	0.0444444	11.2	0.228829	0.0396825	0.0253358	6.38462	0.142342	0	0.00330688	0.833333	0.0594595	0.194444	-0.0194444	-4.9	0	0.559524	-0.0405644	-10.2222	0.0018018	0.75	-0.015873	-4	0.0198198	0.928571	-0.0119048	-3	
4	0.819838	0.673522	1.29101	-0.149044	0.823887	0.696658	0.273697	1.56408	1	0.748072	12.4034	3.62101	0.993927	0.750643	-0.222768	0.0942993	0.953441	0.77892	-0.294942	0.206004	0.953441	0.77892	-0.326204	0.22784	0.953441	0.77892	-0.283701	0.198153	0.530364	0.269923	-3.24904	-3.90887	0.522267	0.092545	-0.059588	-1.30534	0.611336	0	0.694207	-0.7213	0.712551	0.0385604	0.765449	0.291618	0.712551	0.0385604	0.783431	0.298469	0.840081	0.44473	0.972579	3.09755	0.860324	0.763496	0.159926	2.51836	0.793522	1	-0.507537	1.79688	0.661943	0.96401	-0.993747	-0.271811	0.45749	0.987147	-1.60236	0.181326	0.396761	0.719794	-0.458656	-2.01918	0.453441	0.578406	0.443538	-1.1064	0.566802	0.560411	0.856913	-0.136027	0.647773	0.59126	0.634356	0.241675	0.631579	0.634961	-0.123823	0.334147	0.603239	0.683805	-0.219336	0.378017	0.459514	0.552699	-1.07832	-0.98364	0.216599	0.526992	-1.85465	-0.196272	0.0789474	0.501285	-1.07775	-0.201273	0.0101215	0.48329	-0.518806	-0.135644	0	0.488432	-0.080078	0.0406772	0.00202429	0.48329	0.015437	-0.0392077	0.00202429	0.48072	0	-0.0199098	
3	0.103077	0	0	1.72083	0.115385	0.0170732	0.844093	1.17092	0.195385	0.0902439	5.75953	5.26786	0.195385	0.0878049	0	-0.0694544	0.193846	0.0878049	-0.0107979	0	0.195385	0.0829268	0.0134713	-0.0427138	0.253846	0.112195	0.39793	0.199221	0.253846	0.112195	0.446783	0.223678	0.253846	0.112195	0.448717	0.224647	0.253846	0.112195	0.440179	0.220372	1	1	5.79563	6.89589	1	1	5.61871	6.68538	1	1	5.8571	6.96902	0.907692	0.226829	-0.699168	-5.85624	0.907692	0.226829	-0.718891	-6.02144	0.907692	0.226829	-0.698327	-5.8492	0.907692	0.226829	-0.697594	-5.84306	0.907692	0.226829	-0.72467	-6.06985	0.907692	0.226829	-0.710517	-5.9513	0.907692	0.226829	-0.710738	-5.95315	0.907692	0.226829	-0.697815	-5.84491	0.0230769	0.826829	-7.02182	4.76263	0	0.926829	-0.172859	0.749058	0.00153846	0.936585	0.0119732	0.0759276	0.00923077	0.939024	0.0587047	0.0186137	0.00769231	0.914634	-0.0115936	-0.183801	0.0107692	0.914634	0.0239059	0	0.00923077	0.912195	-0.0117158	-0.0185738	0.00769231	0.912195	-0.0119965	0	0.00923077	0.909756	0.0116615	-0.0184877	
3	0	0	2.41167	1.5554	0.0413793	0.0332481	2.91116	2.3391	0.177586	0.0511509	10.0999	1.32752	0.177586	0.0511509	0	0	0.17931	0.0511509	0.0127431	0	0.189655	0.056266	0.0726533	0.0359241	0.231034	0.0869565	0.320782	0.23792	0.372414	0.202046	1.06931	0.870472	0.567241	0.383632	1.48375	1.3829	0.567241	0.383632	1.51138	1.40865	0.886207	0.810742	2.4116	3.22925	0.967241	0.915601	0.633815	0.820162	0.989655	0.946292	0.173373	0.237394	0.996552	0.86445	0.0535002	-0.634888	1	0.598465	0.0257407	-1.98552	0.975862	0.309463	-0.18917	-2.26493	0.955172	0.104859	-0.157568	-1.55822	0.956897	0.056266	0.0130955	-0.369085	0.956897	0.056266	0.0134356	-0.378671	0.951724	0.148338	-0.0390033	0.694278	0.875862	0.222506	-0.596789	0.583468	0.653448	0.404092	-1.66195	1.35687	0.653448	0.404092	-1.77256	1.44718	0.146552	0.892583	-3.81501	3.67649	0.037931	0.969309	-0.847262	0.59848	0.0137931	1	-0.182917	0.232573	0.0172414	0.97954	0.025923	-0.153814	0.0189655	0.966752	0.0135605	-0.100577	0.0155172	0.953964	-0.0260698	-0.0966782	0.0155172	0.941176	0	-0.0995789	
5	1	0.923404	0	0	0.998308	0.889362	0.00378251	0.888889	0.998308	0.889362	0	0	0.954315	0.638298	0.020922	4.91667	0.866328	0.26383	0.0288052	6.76923	0.783418	0.0595745	0.013617	3.2	0.729272	0.114894	-0.00691489	-1.625	0.675127	0.323404	-0.0208511	-4.9	0.659898	0.485106	-0.0124386	-2.92308	0.664975	0.72766	-0.0269504	-6.33333	0.663283	0.889362	-0.0124386	-2.92308	0.666667	0.846809	0.00425532	1	0.649746	0.587234	0.018541	4.35714	0.597293	0.259574	0.0409574	9.625	0.566836	0.0765957	0.0140753	3.30769	0.509306	0.00425532	0.00803782	1.88889	0.448393	0.229787	-0.0250591	-5.88889	0.414552	0.608511	-0.0291326	-6.84615	0.365482	1	-0.0301146	-7.07692	0.367174	1	0	0	0.338409	0.93617	0.00490998	1.15385	0.309645	0.612766	0.0231003	5.42857	0.28088	0.331915	0.0280851	6.6	0.221658	0.0382979	0.0225859	5.30769	0.150592	0	0.00382979	0.9	0.0592217	0.234043	-0.0146277	-3.4375	0.0186125	0.446809	-0.0151976	-3.57143	0	0.693617	-0.0274232	-6.44444	0.0253807	0.893617	-0.0166667	-3.91667	0.0338409	0.982979	-0.00812379	-1.90909	
6	1	0.0194004	0	0	0.834008	0	0.00215559	1.22222	0.378543	0.010582	-0.000962001	-0.545455	0.101215	0.0352734	-0.00274348	-1.55556	0.0323887	0.0758377	-0.00405644	-2.3	0.123482	0.111111	-0.00440917	-2.5	0.271255	0.151675	-0.00368767	-2.09091	0.459514	0.19224	-0.00338036	-1.91667	0.680162	0.257496	-0.00466112	-2.64286	0.785425	0.345679	-0.00629882	-3.57143	0.759109	0.409171	-0.00488401	-2.76923	0.625506	0.430335	-0.001924	-1.09091	0.394737	0.428571	0.000135667	0.0769231	0.176113	0.439153	-0.000881834	-0.5	0.0384615	0.477954	-0.00298467	-1.69231	0	0.527337	-0.00352734	-2	0.0526316	0.582011	-0.00455614	-2.58333	0.200405	0.640212	-0.00415722	-2.35714	0.431174	0.700176	-0.00599647	-3.4	0.680162	0.728395	-0.00235156	-1.33333	0.87247	0.742504	-0.00100781	-0.571429	0.953441	0.770723	-0.00201562	-1.14286	0.896761	0.809524	-0.00258671	-1.46667	0.724696	0.844797	-0.00352734	-2	0.48583	0.867725	-0.00191064	-1.08333	0.315789	0.892416	-0.00176367	-1	0.244939	0.940035	-0.00396825	-2.25	0.289474	0.973545	-0.00279248	-1.58333	0.437247	0.992945	-0.00176367	-1	0.665992	1	-0.000542667	-0.307692	
1	1	0.954976	-0.219343	-1.48308	0.975701	0.943128	-1.66057	-0.809703	0.927103	0.898104	-2.97983	-2.76066	0.930841	0.890995	0.175492	-0.333725	0.925234	0.902844	-0.041941	0.0886194	0.897196	0.954976	-0.207216	0.385298	0.740187	0.988152	-1.12026	0.236707	0.740187	0.988152	-1.2205	0.257887	0.211215	0.909953	-4.01731	-0.593888	0.0878505	0.729858	-0.961771	-1.40405	0.046729	0.471564	-0.311505	-1.95664	0.0859813	0.251185	0.297475	-1.67015	0.198131	0.07109	0.87562	-1.40611	0.368224	0	1.28792	-0.538284	0.540187	0.0521327	1.34363	0.407337	0.652336	0.191943	0.848159	1.05735	0.68785	0.362559	0.278042	1.33576	0.594393	0.587678	-0.704844	1.6978	0.493458	0.779621	-0.79198	1.50607	0.338318	0.93128	-1.17669	1.15028	0.233645	0.988152	-0.788098	0.428198	0.108411	1	-0.977281	0.0924604	0.0280374	0.985782	-0.61137	-0.10815	0.0168224	0.957346	-0.0875915	-0.222092	0.0130841	0.959716	-0.0283543	0.0179734	0.0186916	0.959716	0.0433348	0	0.00747664	0.950237	-0.0857971	-0.0725141	0.00560748	0.943128	-0.0145642	-0.0553924	0.00373832	0.943128	-0.0141138	0	0	0.938389	-0.0285133	-0.0361483	
5	1	1	0	0	0.98778	0.981752	0.00182482	0.5	0.965377	0.788321	0.0161192	4.41667	0.906314	0.390511	0.039781	10.9	0.867617	0.186131	0.0170316	4.66667	0.773931	0.0693431	0.0145985	4	0.668024	0.145985	-0.00851581	-2.33333	0.617108	0.281022	-0.0103874	-2.84615	0.594705	0.543796	-0.0291971	-8	0.606925	0.773723	-0.0328467	-9	0.621181	0.886861	-0.0113139	-3.1	0.623218	0.879562	0.000608273	0.166667	0.617108	0.773723	0.00755996	2.07143	0.602851	0.49635	0.0252157	6.90909	0.560081	0.291971	0.020438	5.6	0.494908	0.0693431	0.0278285	7.625	0.413442	0.0693431	0	0	0.362525	0.189781	-0.0109489	-3	0.293279	0.463504	-0.0273723	-7.5	0.264766	0.737226	-0.0273723	-7.5	0.258656	0.905109	-0.0139903	-3.83333	0.264766	0.945255	-0.0026764	-0.733333	0.262729	0.916058	0.00324412	0.888889	0.264766	0.693431	0.0247364	6.77778	0.240326	0.339416	0.039335	10.7778	0.187373	0.0766423	0.0328467	9	0.124236	0	0.00851581	2.33333	0.0529532	0.131387	-0.0109489	-3	0.00407332	0.375912	-0.0174661	-4.78571	0	0.59854	-0.0148418	-4.06667	
1	1	0.853547	-0.219169	0.475452	1	0.84897	0	-0.27995	0.947257	0.851259	-3.67497	0.159445	0.953586	0.837529	0.271659	-0.589319	0.943038	0.846682	-0.0764729	0.0663582	0.883966	0.871854	-0.432918	0.184475	0.883966	0.871854	-0.446151	0.190114	0.883966	0.871854	-0.438211	0.18673	0.202532	0.713959	-5.4585	-1.26479	0.0611814	0.617849	-1.04054	-0.707507	0.0021097	0.455378	-0.460463	-1.26646	0.0105485	0.265446	0.0638279	-1.43656	0.07173	0.12357	0.47823	-1.10899	0.200422	0.0228833	0.969133	-0.758234	0.364979	0	1.28084	-0.178113	0.548523	0.0594966	1.39958	0.453678	0.689873	0.17849	1.07149	0.902016	0.751055	0.345538	0.479298	1.30866	0.647679	0.599542	-0.780039	1.91664	0.647679	0.599542	-0.81191	1.99495	0.462025	0.864989	-1.41616	2.02481	0.2827	0.963387	-1.40947	0.773394	0.154008	0.993135	-0.962442	0.222477	0.0506329	1	-0.80301	0.0533265	0.0147679	0.979405	-0.272562	-0.156515	0.00843882	0.983982	-0.0482226	0.0348703	0.00421941	0.97254	-0.0329035	-0.0892233	0	0.988558	-0.0318756	0.121011	0.0021097	0.988558	0.0164701	0	0.00421941	0.98627	0.0159785	-0.0173314	
6	1	0	0	0	0.975501	0.00887574	-0.000682749	-0.230769	0.86637	0.0236686	-0.00123274	-0.416667	0.634744	0.00295858	0.00159308	0.538462	0.351893	0.0118343	-0.000633981	-0.214286	0.175947	0.035503	-0.00197239	-0.666667	0.10245	0.106509	-0.00546199	-1.84615	0.13363	0.201183	-0.00728266	-2.46154	0.267261	0.272189	-0.00788955	-2.66667	0.463252	0.298817	-0.00266272	-0.9	0.674833	0.322485	-0.00262985	-0.888889	0.844098	0.360947	-0.00295858	-1	0.966592	0.414201	-0.0040965	-1.38462	0.973274	0.452663	-0.00384615	-1.3	0.859688	0.461538	-0.000739645	-0.25	0.685969	0.47929	-0.0013655	-0.461538	0.496659	0.491124	-0.00118343	-0.4	0.347439	0.505917	-0.00147929	-0.5	0.242762	0.538462	-0.00250341	-0.846154	0.178174	0.606509	-0.00453649	-1.53333	0.193764	0.668639	-0.0056482	-1.90909	0.342984	0.718935	-0.00359256	-1.21429	0.523385	0.754438	-0.00208841	-0.705882	0.726058	0.798817	-0.00316991	-1.07143	0.895323	0.89645	-0.00976331	-3.3	0.855234	0.955621	-0.00328731	-1.11111	0.668151	0.970414	-0.00147929	-0.5	0.394209	0.946746	0.00236686	0.8	0.151448	0.931953	0.00184911	0.625	0	1	-0.00453649	-1.53333	
6	0.127962	0	0	0	0.260664	0.00865801	-0.00108225	-0.5	0.483412	0.0194805	-0.000832501	-0.384615	0.834123	0.0649351	-0.00454545	-2.1	1	0.116883	-0.003996	-1.84615	0.981043	0.17316	-0.00562771	-2.6	0.682464	0.203463	-0.00252525	-1.16667	0.350711	0.24026	-0.00334514	-1.54545	0.170616	0.290043	-0.0038295	-1.76923	0.0947867	0.337662	-0.00340136	-1.57143	0.132701	0.391775	-0.0041625	-1.92308	0.36019	0.430736	-0.002997	-1.38462	0.663507	0.463203	-0.0024975	-1.15385	0.92891	0.510823	-0.0047619	-2.2	0.995261	0.556277	-0.00378788	-1.75	0.824645	0.580087	-0.0021645	-1	0.587678	0.590909	-0.000773037	-0.357143	0.293839	0.603896	-0.000927644	-0.428571	0.0758294	0.642857	-0.00243506	-1.125	0	0.705628	-0.00697451	-3.22222	0.109005	0.746753	-0.00411255	-1.9	0.312796	0.774892	-0.00200989	-0.928571	0.56872	0.816017	-0.0045695	-2.11111	0.800948	0.848485	-0.00270563	-1.25	0.943128	0.878788	-0.002331	-1.07692	0.895735	0.900433	-0.00180375	-0.833333	0.682464	0.928571	-0.0021645	-1	0.317536	0.954545	-0.0021645	-1	0.0900474	0.971861	-0.00123686	-0.571429	0.0189573	1	-0.0031265	-1.44444	
3	0.130435	0	0.960048	1.05081	0.146087	0.0101523	1.12882	0.732174	0.28	0.0761421	9.58714	4.72436	0.28	0.0761421	0	0	0.281739	0.0761421	0.0121982	0	0.370435	0.154822	0.631025	0.55977	0.613913	0.373096	1.92736	1.72785	0.613913	0.373096	1.84103	1.65045	0.613913	0.373096	1.90161	1.70476	0.977391	0.794416	2.75564	3.19416	0.998261	0.850254	0.161488	0.432069	1	0.832487	0.013213	-0.13498	1	0.832487	0.0135846	-0.138777	0.935652	0.390863	-0.489367	-3.35857	0.89913	0.185279	-0.276161	-1.55453	0.907826	0.0659898	0.0678972	-0.931433	0.907826	0.0659898	0.0655884	-0.89976	0.907826	0.0659898	0.0678447	-0.930712	0.897391	0.0532995	-0.087894	-0.106893	0.833043	0.126904	-0.49326	0.564214	0.674783	0.329949	-1.2734	1.63375	0.674783	0.329949	-1.22063	1.56604	0.156522	0.944162	-3.80057	4.50422	0.0521739	0.944162	-0.734726	0	0.0121739	1	-0.311531	0.434878	0.00869565	1	-0.0260636	0	0.00869565	0.979695	0	-0.159134	0.00521739	0.974619	-0.025967	-0.0378961	0.00173913	0.972081	-0.030008	-0.0218967	0	0.959391	-0.0137186	-0.100104	
3	0.144674	0	1.29063	-0.691881	0.165342	0.00909091	1.09388	0.481154	0.214626	0.0340909	3.26151	1.65443	0.213037	0.0340909	-0.0766109	0	0.216216	0.0363636	0.0226727	0.0162059	0.27504	0.0931818	0.49654	0.479612	0.27504	0.0931818	0.393908	0.38048	0.27504	0.0931818	0.47381	0.457657	0.27504	0.0931818	0.433549	0.418769	0.995231	0.845455	5.615	5.86512	1	0.818182	0.0357476	-0.204411	0.99682	0.7	-0.0247439	-0.919688	0.974563	0.484091	-0.169318	-1.64247	0.933227	0.215909	-0.323773	-2.10062	0.933227	0.215909	-0.313868	-2.03636	0.933227	0.215909	-0.313951	-2.03689	0.933227	0.215909	-0.32391	-2.10151	0.933227	0.215909	-0.311907	-2.02363	0.81558	0.186364	-0.914844	-0.229751	0.6407	0.322727	-1.32845	1.03586	0.6407	0.322727	-1.36803	1.06673	0.6407	0.322727	-1.3261	1.03403	0.0143084	0.997727	-4.91572	5.29719	0.00476948	1	-0.0717549	0.0170962	0.00317965	0.997727	-0.0120202	-0.0171834	0	0.993182	-0.0249099	-0.0356098	0	0.984091	0	-0.0690679	0	0.970455	0	-0.10555	0.00476948	0.947727	0.0364073	-0.173486	0.00794913	0.931818	0.0262803	-0.131491	
5	0.993209	0.72549	0	0	0.994907	0.729412	-0.000392157	-0.1	1	0.717647	0.000840336	0.214286	0.998302	0.686275	0.00261438	0.666667	0.957555	0.494118	0.0147813	3.76923	0.870968	0.211765	0.0201681	5.14286	0.726655	0.215686	-0.00043573	-0.111111	0.726655	0.215686	0	0	0.691002	0.419608	-0.022658	-5.77778	0.684211	0.615686	-0.0163399	-4.16667	0.677419	0.647059	-0.0022409	-0.571429	0.672326	0.572549	0.00620915	1.58333	0.648557	0.403922	0.0120448	3.07143	0.606112	0.14902	0.0159314	4.0625	0.567063	0.00392157	0.0103641	2.64286	0.511036	0	0.00043573	0.111111	0.473684	0.243137	-0.0187029	-4.76923	0.444822	0.478431	-0.0180995	-4.61538	0.443124	0.639216	-0.0160784	-4.1	0.448217	0.694118	-0.00392157	-1	0.434635	0.588235	0.0081448	2.07692	0.397284	0.345098	0.0162091	4.13333	0.344652	0.184314	0.010719	2.73333	0.258065	0.0509804	0.0102564	2.61538	0.144312	0.117647	-0.00512821	-1.30769	0.0390492	0.407843	-0.0263815	-6.72727	0	0.662745	-0.0254902	-6.5	0.00169779	0.980392	-0.0264706	-6.75	0.00169779	1	-0.00163399	-0.416667	0.0101868	0.941176	0.00452489	1.15385	
1	0.953545	1	-0.975662	2.87379	0.968215	0.975309	1.05099	-1.76895	1	0.972222	2.22459	-0.216016	0.987775	0.984568	-0.448852	0.453286	0.997555	0.972222	0.0692946	-0.0874737	0.968215	0.984568	-0.211259	0.088894	0.870416	0.996914	-0.751921	0.0949185	0.682152	0.950617	-1.44127	-0.354425	0.457213	0.851852	-1.8162	-0.797453	0.254279	0.703704	-1.50275	-1.09705	0.173594	0.540123	-0.624387	-1.26588	0.136919	0.37037	-0.279009	-1.29142	0.161369	0.197531	0.192501	-1.36081	0.232274	0.0709877	0.532853	-0.95098	0.344743	0	0.835422	-0.527296	0.496333	0.00617284	1.18541	0.048271	0.677262	0.0555556	1.36793	0.373362	0.789731	0.197531	0.87317	1.10224	0.882641	0.481481	0.722159	2.20707	0.775061	0.728395	-0.837958	1.92326	0.608802	0.901235	-1.24955	1.29901	0.349633	0.962963	-2.01183	0.479176	0.154034	0.944444	-1.49301	-0.141352	0.0122249	0.916667	-1.08346	-0.21223	0	0.873457	-0.096428	-0.340831	0.0146699	0.864198	0.109533	-0.069134	0.00733496	0.861111	-0.057215	-0.024075	0.00244499	0.858025	-0.0368263	-0.0232438	0.00488998	0.848765	0.0190992	-0.0723295	0.0122249	0.858025	0.0555426	0.070114	
5	0.956274	0.780822	0	0	0.965779	0.780822	0	0	0.988593	0.712329	0.0052687	1.15385	1	0.484018	0.0190259	4.16667	0.971483	0.310502	0.0192796	4.22222	0.836502	0.283105	0.00249066	0.545455	0.760456	0.465753	-0.0152207	-3.33333	0.688213	0.817352	-0.0292998	-6.41667	0.684411	1	-0.0202943	-4.44444	0.671103	0.894977	0.0131279	2.875	0.602662	0.465753	0.0330172	7.23077	0.534221	0.164384	0.0334855	7.33333	0.427757	0.0913242	0.00608828	1.33333	0.340304	0.461187	-0.0308219	-6.75	0.304183	0.794521	-0.025641	-5.61538	0.302281	0.881279	-0.0086758	-1.9	0.30038	0.817352	0.00532724	1.16667	0.285171	0.60274	0.0238458	5.22222	0.250951	0.260274	0.0380517	8.33333	0.169202	0	0.0200211	4.38462	0.0836502	0.0273973	-0.00210748	-0.461538	0.0171103	0.305936	-0.0232116	-5.08333	0	0.607306	-0.0334855	-7.33333	0.0171103	0.757991	-0.0188356	-4.125	0.0114068	0.803653	-0.00380517	-0.833333	0.00760456	0.835616	-0.00290577	-0.636364	0.00760456	0.83105	0.00041511	0.0909091	0.0114068	0.83105	0	0	0.013308	0.821918	0.000913242	0.2	0.0247148	0.812785	0.000608828	0.133333	
2	0.920914	0.23341	0.936554	1.33031	0.936731	0.24714	0.913541	0.79299	0.936731	0.283753	0	2.20976	0.968366	0.226545	1.41922	-2.56654	0.968366	0.270023	0	0.30324	0.968366	0.270023	0	0.369443	0.727592	0.867277	-1.77699	4.40794	0.521968	0.963387	-1.49552	0.699016	0.314587	1	-1.57594	0.278233	0.314587	1	-1.59632	0.281832	0.0246046	0.533181	-2.15803	-3.47403	0	0.24714	-0.194327	-2.25916	0.0316344	0.0503432	0.241063	-1.49964	0.0843585	0	0.410658	-0.392115	0.0843585	0	0.401603	-0.383468	0.0843585	0	0.409657	-0.391159	0.885764	0.169336	6.09953	1.28883	0.968366	0.215103	0.624399	0.345959	1	0.231121	0.247096	0.125119	0.998243	0.231121	-0.0133053	0	0.989455	0.221968	-0.068715	-0.0715768	0.98594	0.217391	-0.0265317	-0.0345458	0.980668	0.217391	-0.04111	0	0.97891	0.21968	-0.0132325	0.0172295	0.975395	0.21968	-0.027577	0	0.973638	0.224256	-0.013355	0.0347781	0.973638	0.226545	0	0.0172452	0.973638	0.226545	0	0	0.97188	0.231121	-0.0132699	0.0345564	0.973638	0.235698	0.0137899	0.0359106	
3	0.0957265	0.0325815	-0.0843153	0.12362	0.0974359	0.0300752	0.106904	-0.156739	0.0888889	0	-0.602368	-2.11961	0.0888889	0.00250627	0	0.0930071	0.0888889	0.0075188	0	0.0358511	0.0888889	0.00501253	0	-0.0186914	0.0974359	0.0200501	0.0661308	0.11635	0.205128	0.135338	0.798667	0.855	0.535043	0.41604	2.5771	2.19268	0.535043	0.41604	2.61937	2.22864	0.535043	0.41604	2.41623	2.0558	0.984615	0.974937	3.50165	4.35316	1	0.949875	0.116813	-0.190297	0.998291	0.814536	-0.0134619	-1.06582	0.955556	0.468672	-0.320942	-2.59746	0.897436	0.203008	-0.452917	-2.07028	0.897436	0.107769	0	-0.720725	0.897436	0.107769	0	-0.745195	0.897436	0.107769	0	-0.718376	0.897436	0.107769	0	-0.719947	0.897436	0.107769	0	-0.745101	0.767521	0.150376	-0.978213	0.320813	0.565812	0.338346	-1.57323	1.46607	0.268376	0.75188	-2.23986	3.11415	0.100855	0.942356	-1.31096	1.4906	0.034188	1	-0.508999	0.440112	0.0034188	0.989975	-0.241068	-0.0785436	0	0.984962	-0.0261238	-0.0383019	0.0034188	0.984962	0.0255991	0	0.00854701	0.972431	0.0403487	-0.0985965	
