GRT_PIPELINE_FILE_V3.0
PipelineMode: CLASSIFICATION_MODE
NumPreprocessingModules: 0
NumFeatureExtractionModules: 0
NumPostprocessingModules: 0
Trained: 1
Info: 
PreProcessingModuleDatatypes:
FeatureExtractionModuleDatatypes:
ClassificationModuleDatatype:	MinDist
PostProcessingModuleDatatypes:
GRT_MINDIST_MODEL_FILE_V2.0
Trained: 1
UseScaling: 0
NumInputDimensions: 120
NumOutputDimensions: 0
NumTrainingIterationsToConverge: 0
MinNumEpochs: 0
MaxNumEpochs: 100
ValidationSetSize: 20
LearningRate: 0.1
MinChange: 1e-05
UseValidationSet: 0
RandomiseTrainingOrder: 1
UseNullRejection: 1
ClassifierMode: 0
NullRejectionCoeff: 10
NumClasses: 6
NullRejectionThresholds:  17.7821 26.1583 24.9903 11.6383 44.5081 15.4961
ClassLabels:  1 2 3 4 5 6
ClassLabel: 1
NumClusters: 10
RejectionThreshold:  17.7821
Gamma: 10
TrainingMu: 1.40272
TrainingSigma: 1.63794
ClusterData:
0.953545	1	-0.975662	2.87379	0.968215	0.975309	1.05099	-1.76895	1	0.972222	2.22459	-0.216016	0.987775	0.984568	-0.448852	0.453286	0.997555	0.972222	0.0692946	-0.0874737	0.968215	0.984568	-0.211259	0.088894	0.870416	0.996914	-0.751921	0.0949185	0.682152	0.950617	-1.44127	-0.354425	0.457213	0.851852	-1.8162	-0.797453	0.254279	0.703704	-1.50275	-1.09705	0.173594	0.540123	-0.624387	-1.26588	0.136919	0.37037	-0.279009	-1.29142	0.161369	0.197531	0.192501	-1.36081	0.232274	0.0709877	0.532853	-0.95098	0.344743	0	0.835422	-0.527296	0.496333	0.00617284	1.18541	0.048271	0.677262	0.0555556	1.36793	0.373362	0.789731	0.197531	0.87317	1.10224	0.882641	0.481481	0.722159	2.20707	0.775061	0.728395	-0.837958	1.92326	0.608802	0.901235	-1.24955	1.29901	0.349633	0.962963	-2.01183	0.479176	0.154034	0.944444	-1.49301	-0.141352	0.0122249	0.916667	-1.08346	-0.21223	0	0.873457	-0.096428	-0.340831	0.0146699	0.864198	0.109533	-0.069134	0.00733496	0.861111	-0.057215	-0.024075	0.00244499	0.858025	-0.0368263	-0.0232438	0.00488998	0.848765	0.0190992	-0.0723295	0.0122249	0.858025	0.0555426	0.070114	
0.995772	0.865215	0.851861	0.232273	0.986298	0.889898	-0.638683	1.75211	0.979749	0.945513	-0.509168	3.88092	0.968742	0.959748	-0.395858	0.524289	0.977552	0.948034	0.0657936	-0.0862937	0.923486	0.95135	-0.407895	0.0211658	0.818139	0.962821	-0.993222	0.0502703	0.475381	0.923402	-2.61639	-0.302533	0.285432	0.797159	-1.44736	-0.963115	0.143948	0.640521	-1.08735	-1.20329	0.098411	0.448415	-0.343541	-1.45874	0.113317	0.264303	0.113844	-1.42456	0.174636	0.110373	0.471701	-1.18217	0.29652	0.00787402	0.94586	-0.797329	0.471335	0.0106511	1.32485	0.0212984	0.637248	0.0873152	1.26747	0.587941	0.760424	0.21296	0.950362	0.963863	0.83662	0.398676	0.573099	1.4108	0.798975	0.595046	-0.290217	1.53278	0.680129	0.776446	-0.921172	1.40417	0.532782	0.885623	-1.13509	0.843757	0.369251	0.942157	-1.22535	0.427056	0.219096	0.979394	-1.20443	0.296031	0.123021	0.951468	-0.727169	-0.210809	0.054062	0.959509	-0.522543	0.064652	0.0168182	0.951514	-0.291861	-0.0608406	0.0126438	0.958381	-0.031778	0.0520308	0.012821	0.942977	0.00161571	-0.11725	0.0171295	0.949696	0.0322205	0.0517489	0.0199628	0.943572	0.0221718	-0.0479752	
1	0.853547	-0.219169	0.475452	1	0.84897	0	-0.27995	0.947257	0.851259	-3.67497	0.159445	0.953586	0.837529	0.271659	-0.589319	0.943038	0.846682	-0.0764729	0.0663582	0.883966	0.871854	-0.432918	0.184475	0.883966	0.871854	-0.446151	0.190114	0.883966	0.871854	-0.438211	0.18673	0.202532	0.713959	-5.4585	-1.26479	0.0611814	0.617849	-1.04054	-0.707507	0.0021097	0.455378	-0.460463	-1.26646	0.0105485	0.265446	0.0638279	-1.43656	0.07173	0.12357	0.47823	-1.10899	0.200422	0.0228833	0.969133	-0.758234	0.364979	0	1.28084	-0.178113	0.548523	0.0594966	1.39958	0.453678	0.689873	0.17849	1.07149	0.902016	0.751055	0.345538	0.479298	1.30866	0.647679	0.599542	-0.780039	1.91664	0.647679	0.599542	-0.81191	1.99495	0.462025	0.864989	-1.41616	2.02481	0.2827	0.963387	-1.40947	0.773394	0.154008	0.993135	-0.962442	0.222477	0.0506329	1	-0.80301	0.0533265	0.0147679	0.979405	-0.272562	-0.156515	0.00843882	0.983982	-0.0482226	0.0348703	0.00421941	0.97254	-0.0329035	-0.0892233	0	0.988558	-0.0318756	0.121011	0.0021097	0.988558	0.0164701	0	0.00421941	0.98627	0.0159785	-0.0173314	
0.969762	0.99187	-0.309046	0.775547	0.967603	0.98645	-0.132954	-0.333647	0.982721	0.97832	0.953074	-0.512513	1	0.97019	0.741733	-0.349007	0.982721	1	-0.122512	0.211367	0.946004	0.99729	-0.308791	-0.0227913	0.779698	0.98374	-1.24066	-0.101085	0.779698	0.98374	-1.19638	-0.0974775	0.218143	0.831978	-4.33636	-1.17191	0.0928726	0.672087	-0.961059	-1.22667	0.0431965	0.460705	-0.366956	-1.56148	0.0712743	0.257453	0.216136	-1.56459	0.153348	0.0948509	0.634865	-1.25778	0.302376	0	1.16907	-0.744068	0.507559	0.0216802	1.53933	0.16265	0.695464	0.132791	1.46423	0.865823	0.825054	0.317073	0.981963	1.39639	0.87257	0.514905	0.373476	1.55495	0.777538	0.701897	-0.713472	1.40387	0.609071	0.899729	-1.26992	1.49128	0.431965	0.945799	-1.39115	0.361879	0.257019	0.945799	-1.32084	0	0.114471	0.945799	-1.11981	0	0.0302376	0.96748	-0.637798	0.164158	0.0151188	0.97832	-0.118055	0.0846447	0	0.948509	-0.114522	-0.225808	0.00647948	0.948509	0.0502371	0	0.00431965	0.95122	-0.0164569	0.0206492	0.0107991	0.95935	0.0490792	0.0615818	0.00863931	0.95664	-0.0168055	-0.0210866	
0.964567	0.789256	1.11531	0	0.964567	0.795455	0	0.401367	0.994094	0.789256	2.08056	-0.436746	0.994094	0.789256	0	0	1	0.793388	0.0458617	0.0320905	0.974409	0.818182	-0.184584	0.178834	0.822835	0.915289	-1.11862	0.716649	0.822835	0.915289	-1.14619	0.734316	0.301181	0.894628	-3.91708	-0.155144	0.120079	0.793388	-1.42288	-0.795415	0.015748	0.61157	-0.779525	-1.35849	0	0.396694	-0.123205	-1.68108	0.0374016	0.202479	0.282848	-1.46874	0.151575	0.053719	0.892347	-1.16267	0.330709	0	1.35582	-0.406586	0.523622	0.0826446	1.50909	0.646499	0.690945	0.22314	1.26827	1.06493	0.783465	0.38843	0.701343	1.25297	0.783465	0.38843	0.721041	1.28816	0.661417	0.822314	-0.926248	3.29286	0.525591	0.942149	-1.0562	0.931848	0.346457	0.981405	-1.36068	0.298186	0.230315	1	-0.907974	0.145373	0.133858	0.993802	-0.727168	-0.0467281	0.11811	0.971074	-0.119163	-0.171973	0.112205	0.96281	-0.0459158	-0.0642568	0.112205	0.958678	0	-0.0312617	0.110236	0.96281	-0.015418	0.032365	0.108268	0.960744	-0.0148821	-0.0156201	0.108268	0.956612	0	-0.0323263	
0.977035	0.795309	-1.23211	0.377515	0.981211	0.78678	0.284136	-0.58039	1	0.780384	0.998092	-0.339791	0.995825	0.78678	-0.174416	0.267202	0.995825	0.78678	0	0	0.949896	0.812367	-0.348226	0.193992	0.949896	0.812367	-0.317822	0.177054	0.473904	0.778252	-3.64272	-0.26108	0.204593	0.729211	-2.05465	-0.374144	0.045929	0.597015	-1.21642	-1.0135	0.0271399	0.4371	-0.141931	-1.20798	0.0814196	0.249467	0.42559	-1.47117	0.194154	0.0852878	0.852116	-1.24096	0.382046	0	1.46637	-0.665614	0.59499	0.0575693	1.61141	0.435646	0.753653	0.19403	1.20575	1.03701	0.843424	0.377399	0.700411	1.43069	0.780793	0.599147	-0.472865	1.67422	0.632568	0.82516	-1.16314	1.77354	0.382046	0.946695	-1.89333	0.918508	0.204593	1	-1.38798	0.416933	0.0521921	0.987207	-1.15455	-0.096918	0	0.957356	-0.40755	-0.233094	0	0.940299	0	-0.129333	0.0125261	0.944563	0.0944953	0.03217	0.0229645	0.946695	0.081148	0.0165757	0.0438413	0.944563	0.159324	-0.0162721	0.0417537	0.944563	-0.016365	0	0.0417537	0.933902	0	-0.0806983	0.0480167	0.944563	0.0488919	0.0832239	
0.958963	0.84434	-0.284578	0.310754	0.958963	0.875	0	2.19317	0.99568	0.891509	2.57753	1.15896	0.991361	0.896226	-0.156045	0.170398	1	0.882075	0.0586496	-0.0960664	0.956803	0.903302	-0.381264	0.18735	0.781857	0.945755	-1.26618	0.307253	0.781857	0.945755	-1.25001	0.30333	0.231102	0.768868	-4.28537	-1.37634	0.0993521	0.625	-0.967905	-1.05693	0.0388769	0.426887	-0.471461	-1.54448	0.0669546	0.226415	0.21409	-1.52858	0.159827	0.0825472	0.726327	-1.12515	0.315335	0	1.16886	-0.620459	0.529158	0.0235849	1.69992	0.187503	0.714903	0.122642	1.42388	0.759345	0.850972	0.332547	1.10718	1.70798	0.868251	0.551887	0.133653	1.69662	0.777538	0.745283	-0.656221	1.39904	0.600432	0.910377	-1.36424	1.27172	0.354212	1	-1.83888	0.66934	0.203024	0.990566	-1.17597	-0.073379	0.0583153	0.950472	-1.23556	-0.342335	0	0.926887	-0.415206	-0.167925	0.00215983	0.90566	0.0161223	-0.158447	0.00647948	0.884434	0.0326793	-0.160583	0.012959	0.896226	0.0506855	0.092246	0.00863931	0.898585	-0.0323572	0.0176667	0.00431965	0.865566	-0.033963	-0.259609	0.0107991	0.893868	0.0490758	0.214359	
0.998943	0.927939	0.173822	-1.28516	0.98785	0.909627	-0.764613	-1.17444	0.959323	0.870223	-1.77459	-2.5176	0.955907	0.867795	-0.128853	-0.120713	0.953103	0.873719	-0.0209705	0.0443097	0.891516	0.92456	-0.508455	0.403501	0.710474	0.977184	-1.30016	0.378431	0.578339	0.951283	-1.56797	-0.0587864	0.196517	0.841238	-2.90008	-0.835932	0.0618956	0.694884	-1.03412	-1.1291	0.0233645	0.477899	-0.295631	-1.66204	0.0609611	0.277619	0.2845	-1.51569	0.155091	0.101986	0.735359	-1.37224	0.313076	0.00337838	1.19391	-0.74463	0.495252	0.0260664	1.42619	0.177175	0.645407	0.152278	1.13771	0.955776	0.726589	0.319793	0.618764	1.28969	0.708401	0.529199	-0.12911	1.60665	0.619879	0.734405	-0.684429	1.58098	0.466199	0.909334	-1.18248	1.34874	0.327182	0.977184	-1.05527	0.514761	0.206425	0.993243	-0.938143	0.12459	0.108099	0.992891	-0.748147	-0.00265394	0.0633795	0.965159	-0.348772	-0.216418	0.0435399	0.958461	-0.149976	-0.0505828	0.037887	0.957335	-0.0425305	-0.00854888	0.0301654	0.946965	-0.0594254	-0.0802728	0.0302879	0.945663	0.000717536	-0.0106519	0.0304104	0.943411	0.00120163	-0.0175958	0.0295983	0.937663	-0.00626568	-0.0436128	
0.970645	0.91525	-0.445197	1.88689	0.974477	0.911384	0.120675	-0.153107	0.995565	0.904345	1.06244	-0.274629	0.998024	0.896516	0.0875341	-0.313708	0.996795	0.899324	-0.00895085	0.0223978	0.968524	0.914326	-0.210225	0.11448	0.851923	0.961607	-0.883961	0.356967	0.667117	0.95232	-1.42763	-0.0699386	0.472838	0.832713	-1.48073	-0.911695	0.286778	0.687271	-1.444	-1.12576	0.208112	0.507399	-0.599611	-1.3793	0.185698	0.320391	-0.169903	-1.41823	0.213704	0.153539	0.215432	-1.29037	0.301022	0.0358161	0.671988	-0.906777	0.430011	0	0.986961	-0.272383	0.579124	0.0434149	1.14645	0.334059	0.700376	0.144651	0.934525	0.779353	0.76957	0.320888	0.532834	1.35762	0.757761	0.545099	-0.0868379	1.81257	0.625157	0.711755	-1.01969	1.28175	0.456642	0.837938	-1.30927	0.982575	0.273378	0.879371	-1.50151	0.328624	0.106984	0.900585	-1.24169	0.156726	0.0197628	0.920608	-0.644505	0.150481	0.000988142	0.908815	-0.144414	-0.0838723	0.00554324	0.882215	0.0360887	-0.199877	0.00530223	0.894541	-0.00121207	0.100107	0.010725	0.893484	0.0425514	-0.00747126	0.00431408	0.879077	-0.0485138	-0.109136	0.00443459	0.873559	0.000727308	-0.0439506	
0.997881	0.933504	-1.29353	0.520498	0.995763	0.930946	-0.157123	-0.189673	1	0.913043	0.302058	-1.27621	0.991525	0.913043	-0.302166	0	0.961864	0.925831	-0.212286	0.0915227	0.961864	0.925831	-0.220838	0.0952098	0.961864	0.925831	-0.224626	0.096843	0.230932	0.757033	-5.7146	-1.3197	0.0635593	0.618926	-1.23264	-1.01711	0	0.445013	-0.483117	-1.32192	0.00847458	0.273657	0.0660641	-1.33581	0.0805085	0.132992	0.541177	-1.05679	0.213983	0.0306905	1.04413	-0.800276	0.385593	0	1.29775	-0.232087	0.576271	0.0690537	1.49043	0.539756	0.722458	0.186701	1.10889	0.892409	0.79661	0.368286	0.58205	1.42533	0.798729	0.611253	0.0165163	1.89409	0.595339	0.856777	-1.49725	1.80742	0.436441	0.928389	-1.22324	0.55128	0.245763	1	-1.44303	0.541948	0.110169	0.997442	-1.06038	-0.0200008	0.0169492	0.974425	-0.690158	-0.170413	0.0105932	0.961637	-0.0513039	-0.10322	0.0148305	0.925831	0.0322359	-0.272398	0.0190678	0.910486	0.0331793	-0.120158	0.0275424	0.948849	0.0632922	0.286514	0.0254237	0.902813	-0.0160735	-0.349259	0.0148305	0.920716	-0.082273	0.139043	0.0148305	0.933504	0	0.0972117	
ClassLabel: 2
NumClusters: 10
RejectionThreshold:  26.1583
Gamma: 10
TrainingMu: 1.33992
TrainingSigma: 2.48183
ClusterData:
0.943925	0.0782609	-0.50203	2.1409	0.942056	0.104348	-0.129893	1.81285	0.981308	0.101449	2.9622	-0.218741	0.983178	0.0956522	0.0636633	-0.197449	0.983178	0.0927536	0	-0.0216499	0.97757	0.121739	-0.0397953	0.205705	0.949533	0.304348	-0.209314	1.36327	0.878505	0.643478	-0.549663	2.62442	0.672897	0.988406	-1.56132	2.61928	0.672897	0.988406	-1.5403	2.58402	0.568224	1	-0.829448	0.0918746	0.568224	1	-0.787056	0.0871791	0.568224	1	-0.823268	0.0911902	0.568224	1	-0.79061	0.0875728	0.0224299	0.252174	-4.26262	-5.84048	0	0.13913	-0.169467	-0.854087	0.00934579	0.0869565	0.0730488	-0.407803	0.035514	0.0637681	0.197899	-0.175364	0.0803738	0.0347826	0.340218	-0.219827	0.0803738	0.0347826	0.350043	-0.226175	0.639252	0	4.27378	-0.265985	0.848598	0.0376812	1.63006	0.293403	0.958879	0.104348	0.835444	0.505042	0.996262	0.133333	0.292321	0.226655	1	0.136232	0.0284503	0.0220593	0.994393	0.127536	-0.0433375	-0.0672045	0.990654	0.127536	-0.0286749	0	0.988785	0.121739	-0.0141967	-0.0440302	0.988785	0.121739	0	0	0.988785	0.118841	0	-0.0219454	
0.962488	0.143031	0.284095	0.698796	0.966022	0.150485	0.225198	0.445915	0.986461	0.11558	1.2999	-2.28258	0.986461	0.115573	0	-0.000924046	0.986008	0.116459	-0.00406049	0.00676781	0.975315	0.168037	-0.0775874	0.372376	0.934485	0.323088	-0.296958	1.12708	0.829899	0.559654	-0.798212	1.8026	0.696712	0.758388	-1.01343	1.51099	0.590889	0.809454	-1.10095	0.889171	0.454498	0.971114	-1.51372	1.14714	0.278273	0.745773	-1.37001	-1.7576	0.164233	0.630183	-0.963609	-0.931268	0.0796404	0.381884	-0.659109	-1.92484	0.049122	0.184751	-0.217221	-1.4492	0.0282382	0.0978512	0.00634982	-0.777962	0.215501	0.0778737	1.46637	-0.150041	0.356831	0.0421724	1.0701	-0.275444	0.465908	0.0589517	1.06142	-0.0785143	0.73264	0.084191	2.05576	0.187852	0.856932	0.128576	0.947914	0.330892	0.910369	0.151575	0.408428	0.175372	0.930334	0.161525	0.154909	0.0774246	0.937627	0.163609	0.0553277	0.0162438	0.941085	0.165205	0.0265826	0.0119796	0.941028	0.166795	-0.000523563	0.0121521	0.94102	0.170469	0.000117116	0.0281145	0.940907	0.172376	-0.0011459	0.0142338	0.94274	0.172369	0.0139914	-8.26804e-05	0.945348	0.173411	0.0203355	0.00808446	
0.983425	0.0958549	-0.319614	2.84754	0.977901	0.137306	-0.362621	2.7206	0.990792	0.196891	0.87583	4.0482	0.990792	0.194301	0	-0.0866824	0.98895	0.199482	-0.0144087	0.0405385	0.961326	0.287565	-0.196512	0.626599	0.860037	0.507772	-0.746101	1.62206	0.860037	0.507772	-0.761853	1.6563	0.860037	0.507772	-0.76971	1.67338	0.403315	1	-3.57015	3.84769	0.333333	0.963731	-0.520816	-0.269924	0.333333	0.963731	-0.548028	-0.284027	0.0828729	0.463731	-1.88716	-3.76739	0.0313076	0.266839	-0.40873	-1.56064	0	0.134715	-0.238854	-1.00801	0.0128913	0.0725389	0.100824	-0.486283	0.0662983	0.0569948	0.404988	-0.117871	0.189687	0	0.932107	-0.430553	0.189687	0	0.952622	-0.440029	0.731123	0.0829016	4.11052	0.629378	0.922652	0.108808	1.4955	0.202286	0.987109	0.150259	0.487371	0.313418	1	0.160622	0.101334	0.0814574	0.998158	0.158031	-0.0139546	-0.0196305	0.994475	0.15285	-0.028822	-0.0405449	0.990792	0.150259	-0.0280073	-0.0196994	0.992634	0.150259	0.0137842	0	0.994475	0.150259	0.0143642	0	0.994475	0.150259	0	0	0.994475	0.147668	0	-0.0203001	
0.888889	0.110236	1.16488	-0.406404	0.904514	0.131234	1.01944	1.36996	0.869792	0.191601	-2.36752	4.11613	0.871528	0.191601	0.0585573	0	0.871528	0.191601	0	0	0.862847	0.209974	-0.061775	0.130749	0.800347	0.317585	-0.471044	0.811036	0.649306	0.433071	-1.13705	0.869384	0.512153	0.524934	-1.02432	0.686082	0.512153	0.524934	-1.03684	0.694467	0.0989583	0.973753	-3.24041	3.51979	0.0121528	1	-0.676963	0.204688	0	0.908136	-0.0908768	-0.686943	0.0902778	0.695538	0.704738	-1.65961	0.315972	0.317585	1.70806	-2.86035	0.527778	0.110236	1.65482	-1.62	0.671875	0	1.09079	-0.834466	0.671875	0	1.09008	-0.833923	0.815972	0.0524934	1.13011	0.411691	0.814236	0.0682415	-0.0131241	0.119047	0.881944	0.146982	0.528414	0.61451	0.954861	0.233596	0.553464	0.657433	0.994792	0.278215	0.310295	0.346731	1	0.307087	0.0395959	0.219492	0.998264	0.314961	-0.0135634	0.0615157	0.996528	0.317585	-0.0131498	0.01988	0.993056	0.32021	-0.0262205	0.0198202	0.989583	0.312336	-0.027196	-0.0616728	0.980903	0.307087	-0.0658571	-0.0398254	0.967014	0.293963	-0.110147	-0.104076	
0.920914	0.23341	0.936554	1.33031	0.936731	0.24714	0.913541	0.79299	0.936731	0.283753	0	2.20976	0.968366	0.226545	1.41922	-2.56654	0.968366	0.270023	0	0.30324	0.968366	0.270023	0	0.369443	0.727592	0.867277	-1.77699	4.40794	0.521968	0.963387	-1.49552	0.699016	0.314587	1	-1.57594	0.278233	0.314587	1	-1.59632	0.281832	0.0246046	0.533181	-2.15803	-3.47403	0	0.24714	-0.194327	-2.25916	0.0316344	0.0503432	0.241063	-1.49964	0.0843585	0	0.410658	-0.392115	0.0843585	0	0.401603	-0.383468	0.0843585	0	0.409657	-0.391159	0.885764	0.169336	6.09953	1.28883	0.968366	0.215103	0.624399	0.345959	1	0.231121	0.247096	0.125119	0.998243	0.231121	-0.0133053	0	0.989455	0.221968	-0.068715	-0.0715768	0.98594	0.217391	-0.0265317	-0.0345458	0.980668	0.217391	-0.04111	0	0.97891	0.21968	-0.0132325	0.0172295	0.975395	0.21968	-0.027577	0	0.973638	0.224256	-0.013355	0.0347781	0.973638	0.226545	0	0.0172452	0.973638	0.226545	0	0	0.97188	0.231121	-0.0132699	0.0345564	0.973638	0.235698	0.0137899	0.0359106	
1	0.201754	-1.57023	0.173035	0.976783	0.181287	-1.67067	-1.47283	0.943615	0.0994152	-2.47429	-6.10759	0.945274	0.105263	0.0699525	0.246675	0.946932	0.105263	0.0114328	0	0.943615	0.111111	-0.0284304	0.0501273	0.910448	0.24269	-0.236252	0.937238	0.787728	0.494152	-0.914427	1.87373	0.787728	0.494152	-0.918966	1.88303	0.787728	0.494152	-0.96058	1.9683	0.25539	1	-4.03482	3.83404	0.179104	0.865497	-0.576264	-1.01604	0.0729685	0.45614	-0.816544	-3.14933	0.0215589	0.239766	-0.394718	-1.6613	0	0.0964912	-0.168352	-1.11883	0.00331675	0.0321637	0.025069	-0.486206	0.053068	0	0.389	-0.251485	0.053068	0	0.377106	-0.243796	0.053068	0	0.390203	-0.252263	0.053068	0	0.376693	-0.243528	0.935323	0.137427	6.66517	1.03822	0.968491	0.163743	0.258586	0.205167	0.973466	0.169591	0.0377211	0.0443389	0.970149	0.166667	-0.0259275	-0.0228571	0.965174	0.163743	-0.0375043	-0.022042	0.963516	0.157895	-0.0129633	-0.0457128	0.961857	0.154971	-0.01259	-0.0221981	0.961857	0.152047	0	-0.0228471	0.963516	0.152047	0.0125761	0	0.965174	0.154971	0.0125558	0.0221379	
0.950276	0.168646	2.66261	1.52631	1	0.171021	3.0522	0.145803	0.990792	0.0593824	-0.650611	-7.888	0.992634	0.0570071	0.0668853	-0.0862677	0.992634	0.0570071	0	0	0.994475	0.0617577	0.0152231	0.0392692	0.990792	0.130641	-0.0262762	0.491415	0.961326	0.306413	-0.221204	1.31954	0.847145	0.472684	-0.874436	1.27336	0.655617	0.764846	-1.43832	2.19405	0.508287	0.921615	-1.16662	1.24137	0.381215	1	-0.953514	0.588179	0.346225	0.980998	-0.269433	-0.146321	0.296501	0.87886	-0.380783	-0.782169	0.21547	0.68171	-0.613985	-1.49383	0.117864	0.375297	-0.761113	-2.38935	0.0644567	0.159145	-0.406141	-1.64376	0.0257827	0.064133	-0.301992	-0.741914	0.0128913	0.0285036	-0.0982325	-0.271498	0.00736648	0.0190024	-0.0431914	-0.0742769	0.00368324	0.0213777	-0.0277436	0.0178917	0.00368324	0.0190024	0	-0.0185509	0.00552486	0.0190024	0.013954	0	0.00552486	0.0118765	0	-0.0541559	0.00184162	0.0166271	-0.0288165	0.0371672	0.00184162	0.0118765	0	-0.035733	0	0.00712589	-0.0143689	-0.0370656	0	0.00475059	0	-0.0206492	0	0	0	-0.0370308	0	0	0	0	
0.928131	0.0891365	-0.842149	2.12162	0.934292	0.125348	0.407417	2.39495	1	0.211699	4.37997	5.75596	1	0.208914	0	-0.091176	1	0.208914	0	0	0.997947	0.21727	-0.014226	0.0578949	0.971253	0.337047	-0.208412	0.935153	0.893224	0.520891	-0.595018	1.40192	0.724846	0.771588	-1.33282	1.98442	0.550308	1	-1.32253	1.73075	0.457906	0.997214	-0.722154	-0.0217697	0.457906	0.997214	-0.700098	-0.0211048	0.457906	0.997214	-0.70252	-0.0211778	0.11499	0.314763	-2.67481	-5.32325	0.0246407	0.122563	-0.682617	-1.45214	0	0.0278552	-0.192158	-0.738569	0.0492813	0	0.373949	-0.211366	0.0492813	0	0.386103	-0.218236	0.61191	0.0891365	4.18168	0.662498	0.809035	0.0473538	1.57862	-0.334605	0.956879	0.133705	1.0967	0.640548	0.995893	0.16156	0.29648	0.211678	1	0.167131	0.031854	0.0432114	0.997947	0.16156	-0.0157278	-0.0426709	0.99384	0.158774	-0.031447	-0.0213296	0.99384	0.155989	0	-0.0210961	0.995893	0.153203	0.0161219	-0.0218702	0.995893	0.155989	0	0.021089	0.99384	0.155989	-0.0159157	0	0.989733	0.150418	-0.0309642	-0.0420043	
0.875874	0.222841	0	1.82856	0.881119	0.245125	0.385161	1.63649	0.968531	0.183844	6.11741	-4.28866	0.968531	0.183844	0	0	0.968531	0.181058	0	-0.0207642	0.95979	0.256267	-0.0591737	0.509125	0.916084	0.437326	-0.341152	1.41326	0.77972	0.724234	-1.05074	2.21076	0.77972	0.724234	-1.05708	2.22409	0.77972	0.724234	-1.03332	2.1741	0.417832	1	-2.82018	2.14903	0.304196	0.846797	-0.855503	-1.15338	0.146853	0.568245	-1.22194	-2.16325	0.0594406	0.348189	-0.66986	-1.68633	0.00699301	0.211699	-0.402242	-1.0468	0	0.147632	-0.0544309	-0.498672	0.00699301	0.111421	0.0523491	-0.271078	0.0472028	0.0807799	0.316075	-0.240855	0.167832	0	0.908074	-0.608096	0.167832	0	0.940887	-0.630069	0.676573	0.00835655	3.86373	0.0634654	0.861888	0.0612813	1.41755	0.404844	0.954545	0.108635	0.719266	0.36759	0.991259	0.13649	0.280992	0.213195	1	0.144847	0.0677454	0.0647639	0.998252	0.142061	-0.0132476	-0.0211077	0.996503	0.139276	-0.0137602	-0.0219244	0.994755	0.139276	-0.0132359	0	0.994755	0.144847	0	0.0427594	0.994755	0.144847	0	0	
1	0.120448	0	1.46412	0.993056	0.123249	-0.412548	0.166406	0.973958	0.128852	-1.38017	0.404878	0.973958	0.12605	0	-0.121224	0.973958	0.128852	0	0.0217937	0.961806	0.238095	-0.0868082	0.780335	0.881944	0.619048	-0.585049	2.79079	0.881944	0.619048	-0.602326	2.87321	0.881944	0.619048	-0.625494	2.98372	0.543403	1	-2.56483	2.88613	0.543403	1	-2.63867	2.96923	0.543403	1	-2.57517	2.89777	0.128472	0.302521	-3.13707	-5.27327	0.0260417	0.114846	-0.798031	-1.46217	0	0.0420168	-0.198114	-0.554053	0.00868056	0.022409	0.0675025	-0.152476	0.0503472	0	0.315707	-0.169792	0.0503472	0	0.326539	-0.175618	0.630208	0.0364146	4.3823	0.275203	0.802083	0	1.34653	-0.285284	0.899306	0.0560224	0.73489	0.423466	0.914931	0.0616246	0.119467	0.0428342	0.918403	0.0588235	0.0269165	-0.0217141	0.927083	0.0616246	0.0666596	0.0215103	0.934028	0.0672269	0.0537101	0.0433292	0.940972	0.070028	0.0524458	0.0211546	0.947917	0.0756303	0.0541603	0.0436924	0.953125	0.0812325	0.0393617	0.0423386	0.956597	0.0812325	0.0271449	0	0.956597	0.0812325	0	0	
ClassLabel: 3
NumClusters: 10
RejectionThreshold:  24.9903
Gamma: 10
TrainingMu: 1.07492
TrainingSigma: 2.39154
ClusterData:
0.780899	0.0199005	0.0946782	0.628833	0.780899	0.0199005	0.117357	0.779464	0.0149813	0.0248756	-49.2706	0.320044	0.0131086	0.0223881	-0.0828211	-0.110016	0.011236	0.0199005	-0.0129001	-0.017136	0.00749064	0.0149254	-0.0323794	-0.0430114	0.0131086	0.0199005	0.0386822	0.0342559	0.104869	0.0995025	0.69879	0.6062	0.104869	0.0995025	0.685526	0.594693	0.104869	0.0995025	0.733906	0.636663	0.104869	0.0995025	0.688395	0.597182	0.104869	0.0995025	0.719125	0.62384	0.985019	1	6.65817	6.8121	0.985019	1	6.67027	6.82448	0.985019	1	6.98648	7.148	1	0.21393	0.112621	-5.90923	0.981273	0.0572139	-0.144345	-1.20797	0.968165	0	-0.0997573	-0.435401	0.97191	0.00746269	0.0293054	0.0583922	0.97191	0.0273632	0	0.153946	0.947566	0.0621891	-0.186656	0.267018	0.85206	0.20398	-0.727135	1.07953	0.85206	0.20398	-0.722181	1.07218	0.329588	0.718905	-4.03282	3.97457	0.131086	0.89801	-1.49455	1.34851	0.0468165	0.947761	-0.670233	0.395693	0.0187266	0.955224	-0.212402	0.0564291	0.00749064	0.970149	-0.0867882	0.115286	0.00187266	0.967662	-0.0424338	-0.0187891	0	0.962687	-0.0148224	-0.0393788	
0.144674	0	1.29063	-0.691881	0.165342	0.00909091	1.09388	0.481154	0.214626	0.0340909	3.26151	1.65443	0.213037	0.0340909	-0.0766109	0	0.216216	0.0363636	0.0226727	0.0162059	0.27504	0.0931818	0.49654	0.479612	0.27504	0.0931818	0.393908	0.38048	0.27504	0.0931818	0.47381	0.457657	0.27504	0.0931818	0.433549	0.418769	0.995231	0.845455	5.615	5.86512	1	0.818182	0.0357476	-0.204411	0.99682	0.7	-0.0247439	-0.919688	0.974563	0.484091	-0.169318	-1.64247	0.933227	0.215909	-0.323773	-2.10062	0.933227	0.215909	-0.313868	-2.03636	0.933227	0.215909	-0.313951	-2.03689	0.933227	0.215909	-0.32391	-2.10151	0.933227	0.215909	-0.311907	-2.02363	0.81558	0.186364	-0.914844	-0.229751	0.6407	0.322727	-1.32845	1.03586	0.6407	0.322727	-1.36803	1.06673	0.6407	0.322727	-1.3261	1.03403	0.0143084	0.997727	-4.91572	5.29719	0.00476948	1	-0.0717549	0.0170962	0.00317965	0.997727	-0.0120202	-0.0171834	0	0.993182	-0.0249099	-0.0356098	0	0.984091	0	-0.0690679	0	0.970455	0	-0.10555	0.00476948	0.947727	0.0364073	-0.173486	0.00794913	0.931818	0.0262803	-0.131491	
0.0961162	0.0377193	0.794213	-0.107151	0.107786	0.0378947	0.837853	0.0252402	0.157589	0.00142857	3.39785	-2.5256	0.157589	0.00125313	0	-0.00619762	0.159253	0.00518797	0.011801	0.0280576	0.180884	0.0296491	0.161318	0.182428	0.26336	0.117168	0.627955	0.666734	0.410384	0.267669	1.10792	1.13364	0.575342	0.40802	1.99445	1.79981	0.575342	0.40802	2.01877	1.82096	0.765026	0.676591	2.68087	3.11316	0.992308	0.960326	1.76978	2.20914	0.995008	0.897794	0.019531	-0.48455	0.978347	0.700125	-0.124685	-1.50298	0.939508	0.387193	-0.299113	-2.40971	0.903793	0.171504	-0.276696	-1.66056	0.903793	0.123885	-0.0511896	-0.997637	0.903793	0.123885	-0.0516549	-1.01566	0.888818	0.109599	-0.113224	-0.467201	0.888818	0.109599	-0.116679	-0.471281	0.744059	0.223885	-1.0987	0.494861	0.578436	0.352331	-1.27424	0.996062	0.391059	0.563459	-1.43498	1.61086	0.179113	0.82594	-1.61768	1.99567	0.0604107	0.958321	-0.924492	1.03126	0.017094	1	-0.334007	0.32245	0.00503719	0.989273	-0.0960803	-0.0812626	0.00582363	0.976767	0.00583379	-0.0948597	0.0108608	0.97391	0.038789	-0.0223138	0.0159208	0.956216	0.0390546	-0.135752	
0.00464396	0.0388548	0.506343	-0.535129	0.00464396	0.0408998	0	0.140501	0	0	-0.332472	-2.92811	0.00619195	0.00817996	0.210403	0.277956	0.0170279	0.0122699	0.0807668	0.0304852	0.0170279	0.0163599	0	0.0307025	0.0108359	0.0327198	-0.044475	0.117509	0.0108359	0.0327198	-0.0461126	0.121835	0.0108359	0.0327198	-0.0487913	0.128913	0.0108359	0.0327198	-0.0470198	0.124232	0.0108359	0.0327198	-0.0479287	0.126634	0.0108359	0.0327198	-0.0469407	0.124023	0.0108359	0.0327198	-0.0478243	0.126358	1	0.188139	7.48987	1.17682	0.96904	0.0777096	-0.238874	-0.852033	0.934985	0.0368098	-0.26026	-0.312563	0.934985	0.0368098	-0.25926	-0.311363	0.405573	0.805726	-4.12942	5.99756	0.147059	0.99591	-1.9589	1.44112	0.0959752	1	-0.404434	0.0323808	0.0804954	0.977505	-0.114467	-0.166341	0.0619195	0.944785	-0.145702	-0.256642	0.0510836	0.9182	-0.0821619	-0.201576	0.0386997	0.881391	-0.0966729	-0.28735	0.0402477	0.854806	0.011809	-0.202806	0.0495356	0.854806	0.069844	0	0.0448916	0.846626	-0.0364289	-0.0641666	0.0448916	0.828221	0	-0.139032	0.0572755	0.822086	0.0974643	-0.0482837	0.0603715	0.826176	0.0234022	0.0309158	
0.130435	0	0.960048	1.05081	0.146087	0.0101523	1.12882	0.732174	0.28	0.0761421	9.58714	4.72436	0.28	0.0761421	0	0	0.281739	0.0761421	0.0121982	0	0.370435	0.154822	0.631025	0.55977	0.613913	0.373096	1.92736	1.72785	0.613913	0.373096	1.84103	1.65045	0.613913	0.373096	1.90161	1.70476	0.977391	0.794416	2.75564	3.19416	0.998261	0.850254	0.161488	0.432069	1	0.832487	0.013213	-0.13498	1	0.832487	0.0135846	-0.138777	0.935652	0.390863	-0.489367	-3.35857	0.89913	0.185279	-0.276161	-1.55453	0.907826	0.0659898	0.0678972	-0.931433	0.907826	0.0659898	0.0655884	-0.89976	0.907826	0.0659898	0.0678447	-0.930712	0.897391	0.0532995	-0.087894	-0.106893	0.833043	0.126904	-0.49326	0.564214	0.674783	0.329949	-1.2734	1.63375	0.674783	0.329949	-1.22063	1.56604	0.156522	0.944162	-3.80057	4.50422	0.0521739	0.944162	-0.734726	0	0.0121739	1	-0.311531	0.434878	0.00869565	1	-0.0260636	0	0.00869565	0.979695	0	-0.159134	0.00521739	0.974619	-0.025967	-0.0378961	0.00173913	0.972081	-0.030008	-0.0218967	0	0.959391	-0.0137186	-0.100104	
0.103077	0	0	1.72083	0.115385	0.0170732	0.844093	1.17092	0.195385	0.0902439	5.75953	5.26786	0.195385	0.0878049	0	-0.0694544	0.193846	0.0878049	-0.0107979	0	0.195385	0.0829268	0.0134713	-0.0427138	0.253846	0.112195	0.39793	0.199221	0.253846	0.112195	0.446783	0.223678	0.253846	0.112195	0.448717	0.224647	0.253846	0.112195	0.440179	0.220372	1	1	5.79563	6.89589	1	1	5.61871	6.68538	1	1	5.8571	6.96902	0.907692	0.226829	-0.699168	-5.85624	0.907692	0.226829	-0.718891	-6.02144	0.907692	0.226829	-0.698327	-5.8492	0.907692	0.226829	-0.697594	-5.84306	0.907692	0.226829	-0.72467	-6.06985	0.907692	0.226829	-0.710517	-5.9513	0.907692	0.226829	-0.710738	-5.95315	0.907692	0.226829	-0.697815	-5.84491	0.0230769	0.826829	-7.02182	4.76263	0	0.926829	-0.172859	0.749058	0.00153846	0.936585	0.0119732	0.0759276	0.00923077	0.939024	0.0587047	0.0186137	0.00769231	0.914634	-0.0115936	-0.183801	0.0107692	0.914634	0.0239059	0	0.00923077	0.912195	-0.0117158	-0.0185738	0.00769231	0.912195	-0.0119965	0	0.00923077	0.909756	0.0116615	-0.0184877	
0	0	2.86131	1.00924	0.0430108	0.0294985	2.88529	1.97885	0.224014	0.0619469	12.8582	2.30507	0.224014	0.0589971	0	-0.116627	0.229391	0.0678466	0.0375425	0.0617956	0.306452	0.162242	0.645596	0.790819	0.636201	0.483776	2.39514	2.33547	0.636201	0.483776	2.41121	2.35113	0.636201	0.483776	2.496	2.43382	0.989247	0.949853	2.74915	3.62931	1	0.982301	0.0813883	0.245606	0.996416	0.873156	-0.0280263	-0.853439	0.996416	0.873156	-0.0269416	-0.820407	0.964158	0.303835	-0.246682	-4.35367	0.948029	0.117994	-0.12594	-1.4511	0.939068	0.0294985	-0.0678806	-0.670396	0.942652	0.0176991	0.0279718	-0.0920843	0.935484	0.0353982	-0.0550564	0.135936	0.896057	0.120944	-0.303664	0.658876	0.765233	0.327434	-0.989332	1.56154	0.765233	0.327434	-1.01891	1.60822	0.765233	0.327434	-0.994462	1.56963	0.0806452	0.935103	-5.12412	4.54839	0.0215054	0.99115	-0.462044	0.437883	0.0107527	1	-0.081803	0.0673246	0.0125448	0.988201	0.0139485	-0.0918378	0.0143369	0.973451	0.013562	-0.111617	0.0143369	0.979351	0	0.046076	0.0143369	0.982301	0	0.0224632	0.0125448	0.979351	-0.0139896	-0.0230272	
0	0	2.41167	1.5554	0.0413793	0.0332481	2.91116	2.3391	0.177586	0.0511509	10.0999	1.32752	0.177586	0.0511509	0	0	0.17931	0.0511509	0.0127431	0	0.189655	0.056266	0.0726533	0.0359241	0.231034	0.0869565	0.320782	0.23792	0.372414	0.202046	1.06931	0.870472	0.567241	0.383632	1.48375	1.3829	0.567241	0.383632	1.51138	1.40865	0.886207	0.810742	2.4116	3.22925	0.967241	0.915601	0.633815	0.820162	0.989655	0.946292	0.173373	0.237394	0.996552	0.86445	0.0535002	-0.634888	1	0.598465	0.0257407	-1.98552	0.975862	0.309463	-0.18917	-2.26493	0.955172	0.104859	-0.157568	-1.55822	0.956897	0.056266	0.0130955	-0.369085	0.956897	0.056266	0.0134356	-0.378671	0.951724	0.148338	-0.0390033	0.694278	0.875862	0.222506	-0.596789	0.583468	0.653448	0.404092	-1.66195	1.35687	0.653448	0.404092	-1.77256	1.44718	0.146552	0.892583	-3.81501	3.67649	0.037931	0.969309	-0.847262	0.59848	0.0137931	1	-0.182917	0.232573	0.0172414	0.97954	0.025923	-0.153814	0.0189655	0.966752	0.0135605	-0.100577	0.0155172	0.953964	-0.0260698	-0.0966782	0.0155172	0.941176	0	-0.0995789	
0.0168856	0	2.33443	1.40934	0.0581614	0.038835	2.77055	2.60671	0.247655	0.142395	13.0486	7.1312	0.245779	0.142395	-0.0605354	0	0.245779	0.132686	0	-0.0696167	0.262664	0.142395	0.123852	0.0712113	0.369606	0.239482	0.806724	0.732386	0.560976	0.423948	1.46042	1.40774	0.688555	0.556634	0.967914	1.00665	0.831144	0.789644	1.12562	1.83942	0.934334	0.954693	0.782496	1.25158	0.983114	0.996764	0.381876	0.329353	1	1	0.127634	0.024462	0.990619	0.857605	-0.073493	-1.11557	0.964353	0.553398	-0.198487	-2.2988	0.939962	0.271845	-0.184895	-2.13437	0.928705	0.0938511	-0.0877106	-1.38686	0.941839	0.0517799	0.0995701	-0.318965	0.941839	0.0485437	0	-0.0251502	0.915572	0.110032	-0.20277	0.474677	0.829268	0.216828	-0.671287	0.830679	0.65666	0.365696	-1.3218	1.14	0.476548	0.592233	-1.38958	1.74774	0.270169	0.783172	-1.55733	1.44082	0.120075	0.880259	-1.13477	0.73402	0.0281426	0.912621	-0.717382	0.252536	0.00375235	0.928803	-0.18433	0.12229	0	0.932039	-0.0293246	0.0252913	0	0.935275	0	0.0245209	0.00187617	0.938511	0.0146054	0.0251932	
0.0844371	0.028169	1.96875	2.11557	0.115894	0.0535211	2.13471	1.72043	0.208609	0.0140845	6.652	-2.82944	0.208609	0.0056338	0	-0.303383	0.206954	0	-0.0118798	-0.0404247	0.205298	0	-0.0120119	0	0.258278	0.0591549	0.399331	0.445873	0.594371	0.346479	2.63117	2.24938	0.594371	0.346479	2.56987	2.19697	0.951987	0.870423	2.68947	3.94034	1	0.994366	0.371062	0.957878	0.996689	1	-0.0252567	0.042972	0.966887	0.935211	-0.231095	-0.502407	0.961921	0.861972	-0.0374537	-0.552275	0.961921	0.861972	-0.0392708	-0.579069	0.879139	0.256338	-0.632093	-4.62443	0.879139	0.256338	-0.640055	-4.68268	0.879139	0.256338	-0.631915	-4.62312	0.879139	0.256338	-0.627345	-4.58969	0.879139	0.256338	-0.641499	-4.69324	0.610927	0.191549	-2.02859	-0.490022	0.610927	0.191549	-2.106	-0.508721	0.0778146	0.895775	-4.08009	5.38967	0.013245	0.949296	-0.505943	0.419372	0	0.952113	-0.100127	0.0212945	0.00165563	0.921127	0.01289	-0.241243	0.00662252	0.907042	0.0373588	-0.105938	0.00827815	0.901408	0.0125473	-0.0426961	0.00827815	0.88169	0	-0.153767	0.00993377	0.867606	0.0125553	-0.106808	
ClassLabel: 4
NumClusters: 10
RejectionThreshold:  11.6383
Gamma: 10
TrainingMu: 0.500604
TrainingSigma: 1.11377
ClusterData:
1	0.798295	2.69577	1.36703	0.984314	0.792614	-1.1352	-0.411189	0.913725	0.826705	-5.15431	2.4893	0.913725	0.821023	0	-0.202894	0.909804	0.821023	-0.0279177	0	0.870588	0.846591	-0.29018	0.189194	0.67451	0.855114	-1.45545	0.0632625	0.384314	0.761364	-2.27229	-0.734079	0.180392	0.576705	-1.5495	-1.40313	0.101961	0.329545	-0.604611	-1.9053	0.203922	0.110795	0.778797	-1.67086	0.380392	0.00568182	1.37706	-0.820239	0.552941	0	1.30801	-0.0430712	0.588235	0.0909091	0.26756	0.68917	0.682353	0.264205	0.734394	1.35221	0.811765	0.568182	0.980414	2.30291	0.788235	0.789773	-0.183936	1.73223	0.729412	0.940341	-0.456755	1.16914	0.623529	1	-0.821921	0.463109	0.403922	0.954545	-1.6311	-0.337605	0.109804	0.903409	-2.29828	-0.399587	0	0.855114	-0.827735	-0.364066	0.129412	0.727273	0.975603	-0.963761	0.32549	0.698864	1.5456	-0.223937	0.556863	0.724432	1.76071	0.19457	0.709804	0.721591	1.17103	-0.0217521	0.713725	0.724432	0.0303713	0.0220019	0.784314	0.6875	0.549282	-0.287385	0.615686	0.721591	-1.27427	0.257616	0.615686	0.721591	-1.32001	0.266863	
0.862423	0.698765	2.67129	1.01436	0.911704	0.703704	3.47466	0.348181	0.995893	0.701235	6.1362	-0.179966	1	0.703704	0.122346	0.0735585	0.995893	0.698765	-0.0316239	-0.0380268	0.991786	0.708642	-0.0283558	0.068194	0.946612	0.748148	-0.351299	0.307219	0.792608	0.730864	-1.15413	-0.129529	0.661191	0.585185	-1.02014	-1.13086	0.570842	0.251852	-0.679525	-2.50704	0.581109	0.0814815	0.0780145	-1.29458	0.663244	0	0.637432	-0.632356	0.761807	0.0740741	0.751548	0.564821	0.761807	0.0740741	0.766899	0.576358	0.932238	0.538272	1.29704	3.53271	0.882957	0.812346	-0.383101	2.13058	0.825462	1	-0.436748	1.42548	0.718686	0.967901	-0.832667	-0.250314	0.718686	0.967901	-0.804716	-0.241912	0.429158	0.767901	-2.20381	-1.52235	0.453799	0.624691	0.192439	-1.11844	0.595483	0.582716	1.07296	-0.317874	0.689938	0.604938	0.737677	0.17355	0.675565	0.62716	-0.110366	0.170629	0.537988	0.595062	-1.07911	-0.251773	0.273101	0.491358	-1.96869	-0.770746	0.104723	0.479012	-1.30598	-0.0957564	0.00205339	0.511111	-0.782815	0.244741	0	0.501235	-0.0156022	-0.0750446	0.0225873	0.493827	0.176076	-0.0577436	
0.906122	0.673031	2.02853	8.30292	0.920408	0.632458	1.08053	-3.06881	0.995918	0.661098	5.49238	2.08316	0.997959	0.653938	0.0543176	-0.190565	1	0.656325	0.0145058	0.0169638	0.967347	0.680191	-0.238041	0.173986	0.838776	0.727924	-1.00629	0.373589	0.620408	0.591885	-1.65345	-1.03006	0.522449	0.379475	-0.765862	-1.66066	0.55102	0.176611	0.215743	-1.53182	0.62449	0.0310263	0.573692	-1.13681	0.738776	0	0.869165	-0.235961	0.816327	0.0644391	0.584784	0.485912	0.908163	0.360382	0.717485	2.31209	0.946939	0.658711	0.293741	2.25997	0.897959	0.926014	-0.382781	2.08901	0.779592	1	-0.894007	0.5588	0.779592	1	-0.926687	0.579227	0.32449	0.847255	-3.44959	-1.15778	0.297959	0.670644	-0.207465	-1.38107	0.4	0.5179	0.772995	-1.15709	0.526531	0.5179	0.957659	0	0.667347	0.584726	1.10262	0.523258	0.722449	0.637232	0.416569	0.396942	0.671429	0.644391	-0.398177	0.0558778	0.497959	0.661098	-1.31533	0.126676	0.497959	0.661098	-1.35685	0.130675	0.108163	0.477327	-2.95367	-1.39252	0.0244898	0.484487	-0.628954	0.0538193	0	0.486874	-0.192308	0.0187412	
0.895522	0.553488	9.10997	-6.01183	1	0.493023	6.73435	-3.89742	0.925373	0.616279	-4.99781	8.25452	0.940299	0.662791	0.532557	1.6596	0.925373	0.618605	-0.111122	-0.328973	0.930348	0.62093	0.0399467	0.0186727	0.945274	0.665116	0.104368	0.308978	0.950249	0.665116	0.0378201	0	0.930348	0.62093	-0.154497	-0.343038	0.910448	0.672093	-0.150375	0.386604	0.820896	0.634884	-0.698629	-0.290283	0.696517	0.613953	-0.9477	-0.159478	0.572139	0.553488	-0.938723	-0.456351	0.40796	0.45814	-1.2618	-0.732806	0.258706	0.355814	-1.14876	-0.787567	0.154229	0.230233	-0.809315	-0.972791	0.0845771	0.102326	-0.521896	-0.958398	0.0547264	0.00930233	-0.232967	-0.725991	0.0547264	0	0	-0.0707799	0.109453	0.109302	0.422112	0.843064	0.124378	0.544186	0.113834	3.31681	0.378109	0.837209	1.91513	2.2117	0.636816	0.981395	2.02731	1.12989	0.661692	1	0.188235	0.140782	0.442786	0.993023	-1.72314	-0.0549181	0.169154	0.883721	-2.05721	-0.821755	0	0.681395	-1.31546	-1.57343	0.129353	0.562791	0.983062	-0.901374	0.303483	0.532558	1.31344	-0.228042	0.378109	0.537209	0.587678	0.0366274	
0.958848	0.681818	1.52897	1.15899	0.973251	0.68984	0.932856	0.519521	1	0.719251	1.89885	2.08787	1	0.719251	0	0	0.995885	0.724599	-0.0319433	0.0415092	0.919753	0.737968	-0.551463	0.0968387	0.716049	0.617647	-1.45222	-0.857775	0.574074	0.414439	-1.09737	-1.57066	0.567901	0.176471	-0.0464459	-1.79053	0.656379	0.0106952	0.676789	-1.26806	0.777778	0	0.943881	-0.0831553	0.835391	0.0989305	0.455934	0.782907	0.835391	0.0989305	0.43785	0.751854	0.901235	0.59893	0.506369	3.84524	0.876543	0.847594	-0.18726	1.88587	0.82716	1	-0.371393	1.14621	0.72428	0.965241	-0.801401	-0.270762	0.555556	0.882353	-1.27163	-0.624705	0.45679	0.721925	-0.777155	-1.26236	0.524691	0.542781	0.514138	-1.35645	0.67284	0.534759	1.15828	-0.0627142	0.734568	0.566845	0.467381	0.242938	0.734568	0.566845	0.482951	0.251031	0.734568	0.566845	0.469018	0.243789	0.734568	0.566845	0.463576	0.24096	0.0226337	0.491979	-5.60432	-0.589345	0	0.481283	-0.171107	-0.0808539	0.00411523	0.489305	0.031825	0.0620332	0.0123457	0.470588	0.0623519	-0.141792	0.0164609	0.467914	0.0324039	-0.0210539	
0.90795	0.645238	0.41509	7.08618	0.905858	0.67381	-0.127719	1.74428	1	0.733333	6.31021	3.98979	1	0.72619	0	-0.295699	1	0.728571	0	0.0166761	0.943515	0.747619	-0.42721	0.144061	0.771967	0.745238	-1.32832	-0.018436	0.556485	0.485714	-1.61336	-1.94311	0.537657	0.233333	-0.148064	-1.98469	0.583682	0.0738095	0.349146	-1.21015	0.686192	0	0.775554	-0.558414	0.786611	0.0333333	0.785452	0.260726	0.786611	0.0333333	0.772123	0.256302	0.956067	0.511905	1.3168	3.71885	0.920502	0.814286	-0.266633	2.26698	0.870293	1	-0.392079	1.45023	0.786611	0.988095	-0.634127	-0.0902121	0.786611	0.988095	-0.658395	-0.0936645	0.472803	0.757143	-2.36249	-1.73872	0.481172	0.65	0.0627542	-0.803477	0.642259	0.609524	1.27493	-0.32035	0.732218	0.647619	0.681217	0.28848	0.799163	0.690476	0.522858	0.334722	0.817992	0.707143	0.142654	0.126275	0.671548	0.633333	-1.14512	-0.577155	0.671548	0.633333	-1.11501	-0.561978	0.10251	0.478571	-4.45863	-1.21262	0.0083682	0.490476	-0.706037	0.089282	0	0.47619	-0.0621755	-0.106143	0.0041841	0.471429	0.0328611	-0.037399	
0.920139	0.702219	2.82443	-0.0468317	0.95671	0.701862	2.57438	-0.0149379	0.998906	0.70399	3.00705	0.114808	0.995	0.706343	-0.101307	0.0676911	0.98625	0.714934	-0.060277	0.0589438	0.9189	0.738357	-0.526871	0.190949	0.749349	0.711536	-1.24983	-0.208942	0.630093	0.592365	-1.70617	-1.12734	0.478203	0.268488	-1.17567	-2.50287	0.50477	0.097577	0.204718	-1.31574	0.594628	0	0.690648	-0.749547	0.724024	0.0189424	0.965338	0.13926	0.724024	0.0189424	1.01494	0.149047	0.932962	0.458568	1.60737	3.38036	0.872175	0.726367	-0.466671	2.06899	0.780284	0.945882	-0.696517	1.6639	0.62276	0.929137	-1.21403	-0.135106	0.53026	0.958549	-1.32214	-0.0832734	0.292549	0.719022	-1.84602	-1.84637	0.314743	0.572947	0.168619	-1.12191	0.449921	0.521871	1.02326	-0.386629	0.597128	0.55448	1.15014	0.254701	0.663695	0.594029	0.504595	0.299938	0.642596	0.612627	-0.164694	0.145217	0.50023	0.570369	-1.07861	-0.320088	0.50023	0.570369	-1.08874	-0.323711	0.069546	0.45139	-3.34678	-0.926613	0.00328228	0.41915	-0.512152	-0.245599	0.00125	0.412091	-0.0153247	-0.0540053	0.00906455	0.41221	0.0594661	0.00056545	
0.930348	0.511579	2.75587	1.06015	0.982587	0.532632	3.01786	1.21622	1	0.614737	1.33217	6.28145	1	0.612632	0	-0.0826179	0.995025	0.614737	-0.0374599	0.0158515	0.950249	0.627368	-0.329544	0.092966	0.771144	0.616842	-1.29526	-0.076125	0.532338	0.44	-1.78315	-1.32047	0.402985	0.267368	-1.0144	-1.35379	0.415423	0.113684	0.0937733	-1.15868	0.512438	0.0105263	0.756746	-0.804663	0.609453	0	0.734093	-0.0796506	0.609453	0	0.760294	-0.0824934	0.905473	0.387368	2.24732	2.94082	0.840796	0.572632	-0.498221	1.42713	0.738806	0.871579	-0.895861	2.6259	0.60199	1	-1.0253	0.962388	0.432836	0.943158	-1.23243	-0.414144	0.211443	0.938947	-1.59008	-0.0302406	0.216418	0.671579	0.0390405	-2.09808	0.430348	0.606316	1.62334	-0.495228	0.594527	0.541053	1.26326	-0.502159	0.748756	0.608421	1.19239	0.520847	0.813433	0.64	0.497769	0.24304	0.751244	0.621053	-0.471243	-0.143575	0.539801	0.52	-1.61177	-0.770295	0.261194	0.465263	-2.15303	-0.422998	0.0920398	0.406316	-1.29328	-0.450685	0.0273632	0.349474	-0.4978	-0.437499	0	0.32	-0.209771	-0.225951	
0.900744	0.667453	0.973479	0.57829	0.908189	0.674528	0.412944	0.392492	0.992556	0.707547	5.1297	2.00761	0.992556	0.705189	0	-0.115334	0.98263	0.709906	-0.075326	0.0357976	0.861042	0.67217	-0.884317	-0.274455	0.861042	0.67217	-0.87602	-0.27188	0.531017	0.212264	-2.51407	-3.50349	0.575682	0.0448113	0.344379	-1.29111	0.727047	0	1.14154	-0.337951	0.816377	0.0377358	0.699579	0.295525	0.816377	0.0377358	0.676066	0.285592	1	0.450472	1.44316	3.24384	0.930521	0.754717	-0.529004	2.31649	0.870968	0.995283	-0.464147	1.87492	0.736973	0.995283	-1.00761	0	0.419355	1	-2.41829	0.0359143	0.334988	0.834906	-0.659099	-1.28976	0.414392	0.660377	0.61274	-1.34678	0.612903	0.648585	1.53273	-0.0910509	0.808933	0.662736	1.46868	0.106021	0.791563	0.686321	-0.136155	0.184874	0.791563	0.686321	-0.13416	0.182165	0.791563	0.686321	-0.134003	0.181951	0.0719603	0.59434	-5.40982	-0.691494	0.0124069	0.587264	-0.45306	-0.0538275	0.00496278	0.584906	-0.0581513	-0.0184237	0.00744417	0.584906	0.0187879	0	0.00496278	0.582547	-0.0191917	-0.0182412	0	0.57783	-0.0376833	-0.0358169	
0.819838	0.673522	1.29101	-0.149044	0.823887	0.696658	0.273697	1.56408	1	0.748072	12.4034	3.62101	0.993927	0.750643	-0.222768	0.0942993	0.953441	0.77892	-0.294942	0.206004	0.953441	0.77892	-0.326204	0.22784	0.953441	0.77892	-0.283701	0.198153	0.530364	0.269923	-3.24904	-3.90887	0.522267	0.092545	-0.059588	-1.30534	0.611336	0	0.694207	-0.7213	0.712551	0.0385604	0.765449	0.291618	0.712551	0.0385604	0.783431	0.298469	0.840081	0.44473	0.972579	3.09755	0.860324	0.763496	0.159926	2.51836	0.793522	1	-0.507537	1.79688	0.661943	0.96401	-0.993747	-0.271811	0.45749	0.987147	-1.60236	0.181326	0.396761	0.719794	-0.458656	-2.01918	0.453441	0.578406	0.443538	-1.1064	0.566802	0.560411	0.856913	-0.136027	0.647773	0.59126	0.634356	0.241675	0.631579	0.634961	-0.123823	0.334147	0.603239	0.683805	-0.219336	0.378017	0.459514	0.552699	-1.07832	-0.98364	0.216599	0.526992	-1.85465	-0.196272	0.0789474	0.501285	-1.07775	-0.201273	0.0101215	0.48329	-0.518806	-0.135644	0	0.488432	-0.080078	0.0406772	0.00202429	0.48329	0.015437	-0.0392077	0.00202429	0.48072	0	-0.0199098	
ClassLabel: 5
NumClusters: 10
RejectionThreshold:  44.5081
Gamma: 10
TrainingMu: 6.30574
TrainingSigma: 3.82023
ClusterData:
0.995413	0.759825	0	0	0.991806	0.723625	0.00396359	1.03846	0.977375	0.571079	0.0155985	4.1624	0.909529	0.333432	0.0241143	6.5	0.832535	0.211716	0.0103361	2.89285	0.734566	0.28238	-0.0083861	-2.04445	0.678513	0.42825	-0.0114191	-3.05769	0.640899	0.643639	-0.0215389	-5.9	0.627841	0.780286	-0.0120897	-3.39167	0.618453	0.791128	-0.000977225	-0.310896	0.614569	0.687601	0.00841798	2.27244	0.603346	0.429869	0.0229389	6.2906	0.567602	0.211834	0.019665	5.47619	0.490795	0.117549	0.00755004	2.08654	0.41576	0.250148	-0.0153775	-4.1875	0.376132	0.478809	-0.0264806	-7.20139	0.363074	0.62614	-0.0147332	-4	0.356376	0.788008	-0.0192721	-5.16484	0.355886	0.81787	-0.00244439	-0.653846	0.33638	0.661552	0.0151164	4.1	0.284585	0.296204	0.0270287	7.26408	0.242356	0.118794	0.0153783	4.33333	0.159554	0	0.00907846	2.49405	0.0689236	0.167694	-0.0128995	-3.57692	0.0027523	0.542007	-0.0399514	-11.1834	0.0056561	0.882076	-0.0252905	-6.93956	0.0156856	0.957855	-0.0075779	-2.05	0.0188654	0.961152	-0.000843745	-0.194445	0.0329299	0.934926	0.00198917	0.53022	0.0390759	0.929573	0.000472045	0.132576	
0.993209	0.72549	0	0	0.994907	0.729412	-0.000392157	-0.1	1	0.717647	0.000840336	0.214286	0.998302	0.686275	0.00261438	0.666667	0.957555	0.494118	0.0147813	3.76923	0.870968	0.211765	0.0201681	5.14286	0.726655	0.215686	-0.00043573	-0.111111	0.726655	0.215686	0	0	0.691002	0.419608	-0.022658	-5.77778	0.684211	0.615686	-0.0163399	-4.16667	0.677419	0.647059	-0.0022409	-0.571429	0.672326	0.572549	0.00620915	1.58333	0.648557	0.403922	0.0120448	3.07143	0.606112	0.14902	0.0159314	4.0625	0.567063	0.00392157	0.0103641	2.64286	0.511036	0	0.00043573	0.111111	0.473684	0.243137	-0.0187029	-4.76923	0.444822	0.478431	-0.0180995	-4.61538	0.443124	0.639216	-0.0160784	-4.1	0.448217	0.694118	-0.00392157	-1	0.434635	0.588235	0.0081448	2.07692	0.397284	0.345098	0.0162091	4.13333	0.344652	0.184314	0.010719	2.73333	0.258065	0.0509804	0.0102564	2.61538	0.144312	0.117647	-0.00512821	-1.30769	0.0390492	0.407843	-0.0263815	-6.72727	0	0.662745	-0.0254902	-6.5	0.00169779	0.980392	-0.0264706	-6.75	0.00169779	1	-0.00163399	-0.416667	0.0101868	0.941176	0.00452489	1.15385	
0.987787	1	0	0	0.988725	0.988185	0.00126619	0.266667	1	0.878865	0.00840911	1.76923	0.970697	0.633878	0.0218323	4.66538	0.909366	0.427046	0.0203924	4.49494	0.82553	0.228799	0.0159818	3.41346	0.736905	0.238782	-0.000828965	-0.266666	0.666212	0.394755	-0.0142669	-3.08333	0.605112	0.706074	-0.0264366	-5.45076	0.597536	0.792209	-0.00717785	-1.70833	0.595669	0.931899	-0.0113311	-2.38462	0.587226	0.93899	-0.00107682	-0.2875	0.574995	0.891641	0.00434264	0.872725	0.556189	0.716856	0.0144855	3.08333	0.531746	0.503904	0.014667	3.17857	0.49793	0.297168	0.0159027	3.38462	0.436733	0.251642	0.00505837	1.38889	0.385783	0.405153	-0.0169867	-3.37222	0.351799	0.661775	-0.022832	-4.92857	0.355587	0.726901	-0.0065126	-1.55	0.352754	0.845679	-0.0101963	-2.23016	0.343337	0.919293	-0.00967968	-2.26374	0.337665	0.86127	0.00656378	1.25	0.338523	0.65944	0.0207899	4.34445	0.296999	0.309154	0.0250204	5.46429	0.215906	0	0.0237811	5.30769	0.125387	0.0295824	-0.00347271	-0.696429	0.0452591	0.346084	-0.0225579	-4.92051	0.00378788	0.683936	-0.0344658	-7.21429	0	0.940484	-0.021153	-4.62857	
0.974441	0.918605	0	0	0.974441	0.906977	0.00129199	0.333333	1	0.732558	0.0158562	4.09091	0.966454	0.472868	0.0216408	5.58333	0.873802	0.139535	0.0277778	7.16667	0.806709	0.0387597	0.00839793	2.16667	0.723642	0.135659	-0.00880902	-2.27273	0.678914	0.410853	-0.0211688	-5.46154	0.65655	0.662791	-0.0179956	-4.64286	0.654952	0.802326	-0.012685	-3.27273	0.646965	0.771318	0.00281889	0.727273	0.629393	0.620155	0.0107973	2.78571	0.597444	0.333333	0.0239018	6.16667	0.536741	0.0503876	0.0257223	6.63636	0.488818	0	0.00559862	1.44444	0.442492	0.232558	-0.0211416	-5.45455	0.388179	0.554264	-0.0402132	-10.375	0.348243	0.736434	-0.0151809	-3.91667	0.324281	0.934109	-0.0164729	-4.25	0.314696	1	-0.00506857	-1.30769	0.308307	0.945736	0.00678295	1.75	0.298722	0.678295	0.0267442	6.9	0.196486	0.162791	0.0572782	14.7778	0.196486	0.158915	0.000352361	0.0909091	0.140575	0.0891473	0.00536673	1.38462	0.071885	0.251938	-0.0180879	-4.66667	0.0175719	0.534884	-0.0282946	-7.3	0	0.771318	-0.0295543	-7.625	0.00798722	0.883721	-0.0112403	-2.9	0.0111821	0.883721	0	0	
1	0.991379	0	0	1	0.99569	-0.000331565	-0.0769231	0.99004	0.862069	0.0148467	3.44444	0.956175	0.543103	0.0354406	8.22222	0.866534	0.172414	0.0308908	7.16667	0.770916	0.0732759	0.0066092	1.53333	0.701195	0.150862	-0.00862069	-2	0.609562	0.426724	-0.0183908	-4.26667	0.555777	0.702586	-0.0197044	-4.57143	0.555777	0.866379	-0.0125995	-2.92308	0.549801	0.866379	0	0	0.541833	0.793103	0.00814176	1.88889	0.537849	0.689655	0.0114943	2.66667	0.537849	0.435345	0.0282567	6.55556	0.525896	0.133621	0.0301724	7	0.48008	0	0.0111351	2.58333	0.404382	0.0905172	-0.0075431	-1.75	0.338645	0.280172	-0.0158046	-3.66667	0.298805	0.435345	-0.0172414	-4	0.249004	0.698276	-0.0202255	-4.69231	0.233068	0.866379	-0.0140086	-3.25	0.2251	1	-0.0102785	-2.38462	0.221116	0.965517	0.00344828	0.8	0.2251	0.896552	0.00492611	1.14286	0.229084	0.698276	0.016523	3.83333	0.2251	0.461207	0.0182361	4.23077	0.197211	0.228448	0.0166256	3.85714	0.167331	0.0991379	0.0107759	2.5	0.0956175	0.0474138	0.00397878	0.923077	0	0.219828	-0.0123153	-2.85714	
0.990991	0.952381	0	0	0.992793	0.936508	0.001221	0.307692	1	0.857143	0.00881834	2.22222	0.967568	0.599206	0.0234488	5.90909	0.90991	0.333333	0.0221561	5.58333	0.837838	0.198413	0.0134921	3.4	0.751351	0.277778	-0.00793651	-2	0.682883	0.503968	-0.0251323	-6.33333	0.652252	0.738095	-0.0212843	-5.36364	0.652252	0.853175	-0.00885226	-2.23077	0.655856	0.93254	-0.00566893	-1.42857	0.663063	0.873016	0.00541126	1.36364	0.65045	0.650794	0.017094	4.30769	0.632432	0.34127	0.0221088	5.57143	0.581982	0.134921	0.0257937	6.5	0.518919	0.15873	-0.0026455	-0.666667	0.457658	0.345238	-0.0143468	-3.61538	0.428829	0.515873	-0.0142196	-3.58333	0.4	0.757937	-0.0268959	-6.77778	0.396396	0.912698	-0.0140693	-3.54545	0.4	0.980159	-0.00518926	-1.30769	0.381982	1	-0.00248016	-0.625	0.353153	0.813492	0.0186508	4.7	0.300901	0.369048	0.0444444	11.2	0.228829	0.0396825	0.0253358	6.38462	0.142342	0	0.00330688	0.833333	0.0594595	0.194444	-0.0194444	-4.9	0	0.559524	-0.0405644	-10.2222	0.0018018	0.75	-0.015873	-4	0.0198198	0.928571	-0.0119048	-3	
0.995227	0.879762	0	0	0.995574	0.864413	0.00176262	0.405983	0.999154	0.834313	0.00215002	0.642855	0.940165	0.61848	0.0186702	4.91288	0.872305	0.357668	0.022578	5.82906	0.790277	0.171928	0.01726	4.725	0.708311	0.174504	-0.000321995	0.125	0.650213	0.30217	-0.0127667	-3.15	0.611572	0.461616	-0.0160437	-4.39904	0.600984	0.674867	-0.0226725	-5.91667	0.598944	0.810901	-0.0117377	-3.11154	0.597056	0.813036	-0.000213475	-0.2	0.587403	0.638099	0.0137855	3.52857	0.556403	0.405706	0.0280967	7.09028	0.523275	0.158699	0.0211757	5.88112	0.459904	0.0489504	0.00967881	2.63675	0.391261	0.213556	-0.0177135	-4.49444	0.332574	0.563453	-0.0306198	-8.22307	0.300879	0.901338	-0.0269023	-7.08013	0.302918	0.936455	-0.00292642	-0.875	0.289729	0.8828	0.00443128	1.16784	0.266995	0.639159	0.0206546	5.43651	0.253805	0.403416	0.0246334	6.46666	0.225387	0.104433	0.0239741	6.44551	0.176728	0	0.009668	2.76818	0.0880834	0.180567	-0.0126093	-3.30208	0.0295926	0.440796	-0.0229834	-6.38571	0	0.723062	-0.0295979	-7.97222	0.0138837	0.926741	-0.0198532	-5.40278	0.0276603	0.99149	-0.00629155	-1.62121	
0.997098	0.837046	0	0	0.996269	0.828858	0.00113118	0.341667	0.982764	0.669199	0.0140458	3.95076	0.92027	0.286632	0.0287396	8.06548	0.808413	0.0806687	0.0161032	4.65341	0.659387	0.159542	-0.00614064	-1.63736	0.596414	0.337533	-0.0177203	-4.96022	0.570337	0.57538	-0.0221141	-6.21032	0.575762	0.769465	-0.019276	-5.44712	0.583396	0.842809	-0.00749577	-2.125	0.581565	0.762721	0.00572062	1.60715	0.589062	0.553937	0.0123724	3.45395	0.572202	0.280863	0.0180228	5.09821	0.548573	0.0986004	0.0182262	5.15	0.516342	0.0479705	0.00474011	1.4625	0.446839	0.216046	-0.0186751	-5.22222	0.385903	0.438497	-0.0192724	-5.4697	0.348769	0.638809	-0.0193868	-5.55556	0.333432	0.763875	-0.0103566	-2.95715	0.332499	0.809716	-0.00480066	-1.42064	0.319337	0.730954	0.00733593	2.03846	0.292703	0.540794	0.019178	5.36111	0.258984	0.269447	0.020193	5.71978	0.218186	0.0654457	0.0157262	4.48809	0.18029	0.041806	0.00253373	0.694443	0.0978993	0.181577	-0.0151302	-4.3625	0.0307078	0.375026	-0.01835	-5.17094	0	0.630521	-0.0241661	-6.93636	0.00469846	0.821435	-0.0160162	-4.61667	0.0132311	0.881919	-0.00425527	-1.2	
0.973533	0.786396	0	0	0.981048	0.784571	0.000228102	0.0625	0.994297	0.737551	0.00361694	0.846156	0.996317	0.575951	0.0134667	3.16667	0.958117	0.357805	0.0227785	5.71111	0.84827	0.320384	0.00282684	0.706061	0.772493	0.504774	-0.0147693	-3.62821	0.702301	0.830209	-0.0296134	-7.30833	0.691192	0.959854	-0.0144051	-3.38889	0.674409	0.858073	0.0100832	2.40178	0.621773	0.515723	0.0263345	6.30769	0.546116	0.215404	0.0354471	8.79167	0.450527	0.155151	0.00520074	1.25758	0.369047	0.438623	-0.0263598	-6.375	0.338095	0.681932	-0.0213363	-5.14102	0.327936	0.823851	-0.0109073	-2.75	0.326985	0.815611	0.0008388	0.083335	0.317539	0.682757	0.0144776	3.31111	0.293063	0.409334	0.0275417	6.5	0.227326	0.124088	0.0210898	5.22803	0.140352	0.0191731	0.0137729	3.83173	0.0748536	0.152968	-0.0110584	-2.39167	0.0184162	0.413142	-0.0289082	-7	0.00855515	0.660017	-0.028477	-7.2847	0.0139907	0.825184	-0.0128515	-3.41667	0.0166936	0.89956	-0.00631907	-1.65152	0.0259017	0.915525	-0.00100899	-0.287879	0.0305653	0.902751	0.00106448	0.291666	0.0370407	0.890886	0.0010649	0.266667	0.0464274	0.888145	0.00017407	0.0309522	
0.995086	0.92819	0	0	0.991576	0.922183	0.000557398	0.152778	0.988459	0.806806	0.0104077	3.13034	0.946218	0.517914	0.0301699	9.18889	0.894967	0.272361	0.0183506	5.65079	0.819799	0.15834	0.0131079	3.94872	0.741725	0.225631	-0.00585077	-1.7873	0.676374	0.375954	-0.0132636	-4.15427	0.646373	0.589156	-0.0217994	-6.51323	0.643367	0.823384	-0.0235605	-7.08761	0.642662	0.938935	-0.0128334	-3.95	0.644468	0.930397	0.000881091	0.277778	0.633118	0.752413	0.0132038	4.18865	0.623936	0.578759	0.014205	4.11255	0.579583	0.285663	0.0343129	10.6416	0.510667	0.10889	0.0193545	5.85278	0.42315	0.136057	-0.00247135	-0.794873	0.346744	0.322265	-0.0157833	-4.92857	0.296156	0.606424	-0.0310067	-9.54167	0.281184	0.802442	-0.0175058	-5.21581	0.280295	0.949139	-0.013694	-4.22329	0.280146	0.974807	-0.00225728	-0.651852	0.273999	0.892349	0.00744458	2.39074	0.265385	0.630793	0.0246603	7.63545	0.237463	0.276371	0.0320858	9.74628	0.180313	0.0383679	0.0266181	8.06439	0.106094	0.00694443	0.00313605	0.849747	0.0380092	0.165056	-0.0121966	-3.79487	0.00407664	0.475274	-0.0299164	-9.40634	0.00110742	0.717218	-0.0183841	-5.71453	
ClassLabel: 6
NumClusters: 10
RejectionThreshold:  15.4961
Gamma: 10
TrainingMu: 0.954123
TrainingSigma: 1.45419
ClusterData:
0	0.0673077	0	0	0.0031348	0.0230769	0.00402098	2.09091	0.159875	0	0.00164835	0.857143	0.404389	0.0307692	-0.0021978	-1.14286	0.586207	0.0980769	-0.00480769	-2.5	0.655172	0.178846	-0.00734266	-3.81818	0.501567	0.234615	-0.00428994	-2.23077	0.282132	0.298077	-0.00453297	-2.35714	0.103448	0.367308	-0.00692308	-3.6	0.0219436	0.426923	-0.0045858	-2.38462	0.109718	0.465385	-0.00320513	-1.66667	0.332288	0.5	-0.00288462	-1.5	0.658307	0.592308	-0.0102564	-5.33333	0.821317	0.653846	-0.00683761	-3.55556	0.846395	0.701923	-0.00600962	-3.125	0.76489	0.759615	-0.00721154	-3.75	0.601881	0.811538	-0.00649038	-3.375	0.442006	0.842308	-0.0034188	-1.77778	0.351097	0.880769	-0.0042735	-2.22222	0.354232	0.909615	-0.00262238	-1.36364	0.460815	0.926923	-0.00173077	-0.9	0.639498	0.934615	-0.000591716	-0.307692	0.805643	0.940385	-0.000576923	-0.3	0.912226	0.951923	-0.00104895	-0.545455	0.996865	0.959615	-0.000854701	-0.444444	1	0.967308	-0.000549451	-0.285714	0.890282	0.988462	-0.00176282	-0.916667	0.69279	1	-0.000887574	-0.461538	0.557994	0.996154	0.00034965	0.181818	0.479624	1	-0.00034965	-0.181818	
0.426443	0.0292096	0	0	0.418994	0.0154639	0.000597639	0.347826	0.439479	0.00343643	0.00150344	0.875	0.662942	0	0.000343643	0.2	0.86406	0.0360825	-0.0014433	-0.84	0.945996	0.180412	-0.0103093	-6	0.895717	0.331615	-0.0126002	-7.33333	0.79702	0.365979	-0.00312402	-1.81818	0.649907	0.353952	0.00100229	0.583333	0.428305	0.33677	0.0013217	0.769231	0.230912	0.323024	0.00124961	0.727273	0.10987	0.321306	0.000214777	0.125	0.0595903	0.338488	-0.0012273	-0.714286	0.0986965	0.414089	-0.00756014	-4.4	0.201117	0.506873	-0.00618557	-3.6	0.348231	0.584192	-0.00515464	-3	0.528864	0.647766	-0.0048903	-2.84615	0.6946	0.689003	-0.00317209	-1.84615	0.804469	0.697595	-0.000536942	-0.3125	0.795158	0.74055	-0.00536942	-3.125	0.651769	0.783505	-0.00357961	-2.08333	0.389199	0.773196	0.00114548	0.666667	0.143389	0.743986	0.00243414	1.41667	0.0204842	0.754296	-0.000937207	-0.545455	0	0.792096	-0.00378007	-2.2	0.0614525	0.869416	-0.00702905	-4.09091	0.234637	0.93299	-0.00529782	-3.08333	0.446927	0.924399	0.000660851	0.384615	0.810056	0.97079	-0.00421743	-2.45455	1	1	-0.00243414	-1.41667	
1	0.0013369	0	0	0.97854	0.0124593	-0.000855565	-0.307692	0.86608	0.0118343	0.00018577	0.0916665	0.59632	0.00281619	0.00066285	0.219231	0.304894	0.00992785	-0.000539807	-0.190476	0.115605	0.0351312	-0.00265732	-0.958333	0.051225	0.10272	-0.00629606	-2.25641	0.101026	0.183479	-0.00602865	-2.12362	0.233631	0.253742	-0.00710472	-2.51516	0.428995	0.296467	-0.00359381	-1.29615	0.653206	0.328355	-0.00354309	-1.27778	0.832576	0.360955	-0.00259337	-0.916667	0.935928	0.400951	-0.00307664	-1.07693	0.906374	0.426866	-0.00259152	-0.9	0.761423	0.42863	-0.000102443	-0.025	0.56009	0.441516	-0.00112838	-0.397435	0.360171	0.456792	-0.00152754	-0.55	0.215825	0.481568	-0.00207654	-0.75	0.124013	0.531263	-0.00403691	-1.46474	0.0943501	0.602719	-0.00494204	-1.76667	0.138987	0.677903	-0.00597536	-2.13312	0.276755	0.740484	-0.00519929	-1.87987	0.452482	0.784973	-0.00401509	-1.46405	0.65645	0.823206	-0.00281902	-0.997254	0.814767	0.890738	-0.00621856	-2.15	0.79867	0.945725	-0.00359758	-1.28633	0.635391	0.973175	-0.00217204	-0.785715	0.381315	0.964014	0.000977753	0.323077	0.157303	0.956618	0.000924555	0.3125	0.0118421	1	-0.0029367	-1.01667	
0.0532915	0.0165877	0	0	0.0721003	0.007109	0.000677048	0.285714	0.213166	0	0.000507786	0.214286	0.507837	0	0	0	0.818182	0.0521327	-0.00401021	-1.69231	1	0.132701	-0.00671406	-2.83333	0.996865	0.201422	-0.00624731	-2.63636	0.815047	0.21564	-0.00101557	-0.428571	0.583072	0.232227	-0.00127598	-0.538462	0.31348	0.265403	-0.00368615	-1.55556	0.159875	0.308057	-0.00473934	-2	0.0752351	0.374408	-0.00603188	-2.54545	0.144201	0.409953	-0.00394945	-1.66667	0.316614	0.43128	-0.00177725	-0.75	0.507837	0.457346	-0.00236967	-1	0.695925	0.49763	-0.0030988	-1.30769	0.846395	0.547393	-0.00552923	-2.33333	0.836991	0.587678	-0.00447604	-1.88889	0.695925	0.601896	-0.00157978	-0.666667	0.46395	0.597156	0.000430849	0.181818	0.23511	0.606635	-0.00105319	-0.444444	0.0877743	0.635071	-0.00315956	-1.33333	0	0.670616	-0.00273423	-1.15385	0.0188088	0.718009	-0.00526593	-2.22222	0.119122	0.760664	-0.00328108	-1.38462	0.257053	0.834123	-0.00734597	-3.1	0.423197	0.883886	-0.00311019	-1.3125	0.68652	0.914692	-0.00342285	-1.44444	0.768025	0.947867	-0.00255195	-1.07692	0.758621	1	-0.00579252	-2.44444	
0.134039	0.0706861	0	0	0.109347	0.0644491	0.000366883	0.176471	0.0987654	0.035343	0.00223893	1.07692	0.285714	0.037422	-0.000259875	-0.125	0.61552	0.160083	-0.00766632	-3.6875	0.693122	0	0.0133403	6.41667	0.804233	0.00623701	-0.000693001	-0.333333	0.84127	0.0977131	-0.00609841	-2.93333	0.719577	0.174636	-0.00961538	-4.625	0.77425	0.463617	-0.0240818	-11.5833	0.273369	0.37422	0.00812701	3.90909	0.0917108	0.31185	0.004158	2	0	0.309771	0.00017325	0.0833333	0.0299824	0.351351	-0.004158	-2	0.178131	0.434511	-0.00831601	-4	0.432099	0.567568	-0.011088	-5.33333	1	0.711019	-0.020493	-9.85714	0.813051	0.602911	0.012012	5.77778	0.92769	0.623701	-0.0017325	-0.833333	0.91358	0.665281	-0.002772	-1.33333	0.747795	0.68815	-0.0022869	-1.1	0.532628	0.683992	0.000297	0.142857	0.22575	0.642412	0.00297	1.42857	0.0881834	0.602911	0.0028215	1.35714	0.100529	0.617464	-0.000970201	-0.466667	0.128748	0.694387	-0.00854701	-4.11111	0.0846561	0.800416	-0.011781	-5.66667	0.181658	0.925156	-0.012474	-6	0.354497	0.989605	-0.00495762	-2.38462	0.738977	1	-0.000799616	-0.384615	
0.091954	0.0434783	0	0	0.091954	0	0.00483092	1.66667	0.557471	0.0608696	-0.00676328	-2.33333	0.712644	0.0347826	0.0026087	0.9	0.758621	0.0956522	-0.00608696	-2.1	0.729885	0.165217	-0.00772947	-2.66667	0.62069	0.234783	-0.00695652	-2.4	0.557471	0.321739	-0.00724638	-2.5	0.442529	0.42029	-0.0109501	-3.77778	0.149425	0.428986	-0.000869565	-0.3	0.132184	0.466667	-0.00376812	-1.3	0.235632	0.530435	-0.00797101	-2.75	0.54023	0.591304	-0.00676328	-2.33333	0.551724	0.585507	0.000644122	0.222222	0.770115	0.623188	-0.00342556	-1.18182	0.856322	0.637681	-0.00144928	-0.5	0.942529	0.66087	-0.00144928	-0.5	0.867816	0.692754	-0.0021256	-0.733333	0.735632	0.721739	-0.00193237	-0.666667	0.683908	0.73913	-0.00217391	-0.75	0.385057	0.782609	-0.00395257	-1.36364	0.109195	0.797101	-0.00144928	-0.5	0	0.82029	-0.00231884	-0.8	0.0632184	0.866667	-0.00386473	-1.33333	0.293103	0.93913	-0.00517598	-1.78571	0.637931	0.97971	-0.00289855	-1	0.844828	0.950725	0.00222965	0.769231	1	0.971014	-0.00144928	-0.5	0.988506	1	-0.00193237	-0.666667	0.862069	0.982609	0.00217391	0.75	
0.557132	0.0307693	0	0	0.619373	0.0366367	-0.000651015	-0.285714	0.69924	0.0312787	0.000481185	0.099359	0.745829	0.0386214	-0.000990675	-0.633333	0.676713	0.0584415	-0.00148518	-0.756409	0.542577	0.0958108	-0.00358309	-1.55	0.341232	0.114039	-0.00151904	-0.666669	0.195903	0.144745	-0.00269821	-1.10606	0.177089	0.172714	-0.00213453	-0.956044	0.229585	0.210369	-0.00295942	-1.19481	0.343063	0.257426	-0.00361971	-1.46154	0.540369	0.296907	-0.0034985	-1.34231	0.757781	0.343909	-0.00404596	-1.48602	0.894592	0.395412	-0.00515018	-2	0.853795	0.430446	-0.00312471	-1.275	0.643829	0.448505	-0.00159507	-0.666667	0.399319	0.483147	-0.00247443	-0.857142	0.179796	0.52964	-0.00410019	-1.39611	0.0694215	0.589121	-0.00407467	-1.49107	0.0835615	0.657429	-0.00810264	-3.11111	0.244914	0.701069	-0.00383143	-1.52692	0.496124	0.738215	-0.00356905	-1.29762	0.743264	0.788009	-0.00472064	-1.84722	0.900474	0.831935	-0.003483	-1.31731	0.91403	0.854778	-0.00175722	-0.730768	0.751977	0.850217	0.000380175	0	0.523424	0.865824	-0.00121046	-0.541667	0.256028	0.903426	-0.00313353	-1.16667	0.112147	0.945931	-0.00400305	-1.38571	0.10126	1	-0.0060077	-2.16667	
0.184647	0	0	0	0.228216	0	0	0	0.392116	0.0234506	-0.00180389	-1.07692	0.674274	0.0737018	-0.00502513	-3	0.860996	0.128978	-0.00614182	-3.66667	0.966805	0.239531	-0.0110553	-6.6	0.906639	0.271357	-0.00244814	-1.46154	0.634855	0.268007	0.000223339	0.133333	0.400415	0.274707	-0.000744463	-0.444444	0.0995851	0.293132	-0.00184255	-1.1	0	0.306533	-0.00148893	-0.888889	0.0477178	0.335008	-0.00219044	-1.30769	0.118257	0.373534	-0.0038526	-2.3	0.323651	0.465662	-0.00708672	-4.23077	0.495851	0.542714	-0.00856133	-5.11111	0.678423	0.631491	-0.00887772	-5.3	0.755187	0.683417	-0.00649079	-3.875	0.759336	0.711893	-0.0025887	-1.54545	0.593361	0.747069	-0.00390843	-2.33333	0.408714	0.767169	-0.00134003	-0.8	0.226141	0.770519	-0.000257699	-0.153846	0.06639	0.79397	-0.00167504	-1	0.0394191	0.824121	-0.00251256	-1.5	0.128631	0.892797	-0.00457845	-2.73333	0.244813	0.899497	-0.000478583	-0.285714	0.614108	0.929648	-0.00335008	-2	0.744813	0.976549	-0.00426374	-2.54545	0.858921	0.994975	-0.00153546	-0.916667	1	1	-0.000502513	-0.3	0.910788	1	0	0	
0.928155	0.00177305	0	0	0.883495	0.00531915	-0.000253293	-0.142857	0.532039	0.00531915	0	0	0.240777	0	0.000409165	0.230769	0.0466019	0.0195035	-0.00150027	-0.846154	0	0.0531915	-0.00259138	-1.46154	0.104854	0.117021	-0.00638298	-3.6	0.273786	0.179078	-0.0047736	-2.69231	0.532039	0.223404	-0.00369385	-2.08333	0.831068	0.308511	-0.0070922	-4	0.897087	0.363475	-0.00458038	-2.58333	0.819417	0.386525	-0.00209542	-1.18182	0.61165	0.402482	-0.0012275	-0.692308	0.374757	0.427305	-0.00248227	-1.4	0.192233	0.468085	-0.00313693	-1.76923	0.112621	0.537234	-0.00864362	-4.875	0.147573	0.597518	-0.00669819	-3.77778	0.260194	0.643617	-0.0035461	-2	0.450485	0.673759	-0.00334909	-1.88889	0.695146	0.712766	-0.00390071	-2.2	0.817476	0.780142	-0.00748621	-4.22222	0.757282	0.806738	-0.00221631	-1.25	0.537864	0.794326	0.000886525	0.5	0.302913	0.801418	-0.000886525	-0.5	0.153398	0.817376	-0.0012275	-0.692308	0.0873786	0.840426	-0.00288121	-1.625	0.0970874	0.87766	-0.00177305	-1	0.207767	0.914894	-0.00413712	-2.33333	0.471845	0.960993	-0.00460993	-2.6	1	1	-0.00243794	-1.375	
1	0.0194004	0	0	0.834008	0	0.00215559	1.22222	0.378543	0.010582	-0.000962001	-0.545455	0.101215	0.0352734	-0.00274348	-1.55556	0.0323887	0.0758377	-0.00405644	-2.3	0.123482	0.111111	-0.00440917	-2.5	0.271255	0.151675	-0.00368767	-2.09091	0.459514	0.19224	-0.00338036	-1.91667	0.680162	0.257496	-0.00466112	-2.64286	0.785425	0.345679	-0.00629882	-3.57143	0.759109	0.409171	-0.00488401	-2.76923	0.625506	0.430335	-0.001924	-1.09091	0.394737	0.428571	0.000135667	0.0769231	0.176113	0.439153	-0.000881834	-0.5	0.0384615	0.477954	-0.00298467	-1.69231	0	0.527337	-0.00352734	-2	0.0526316	0.582011	-0.00455614	-2.58333	0.200405	0.640212	-0.00415722	-2.35714	0.431174	0.700176	-0.00599647	-3.4	0.680162	0.728395	-0.00235156	-1.33333	0.87247	0.742504	-0.00100781	-0.571429	0.953441	0.770723	-0.00201562	-1.14286	0.896761	0.809524	-0.00258671	-1.46667	0.724696	0.844797	-0.00352734	-2	0.48583	0.867725	-0.00191064	-1.08333	0.315789	0.892416	-0.00176367	-1	0.244939	0.940035	-0.00396825	-2.25	0.289474	0.973545	-0.00279248	-1.58333	0.437247	0.992945	-0.00176367	-1	0.665992	1	-0.000542667	-0.307692	
